17001 45
17003 38
17004 64
17005 16
17007 8
17011 33
17012 39
17015 60
17023 55
17025 24
17027 20
17028 50
17031 43
17032 34
17034 61
17035 23
17036 54
17037 14
17038 58
17039 39
17042 18
17045 35
17046 32
17048 22
17052 17
17053 36
17054 55
17058 60
17059 64
17060 55
17062 18
17067 19
17071 55
17073 5
17074 35
17075 64
17076 36
17077 1
17080 39
17081 13
17082 49
17083 39
17084 64
17086 39
17089 20
17091 15
17095 19
17097 11
17098 58
17099 2
17102 19
17103 62
17113 9
17115 56
17117 58
17123 4
17125 56
17127 44
17128 32
17129 42
17134 22
17137 46
17140 0
17142 50
17146 39
17148 12
17149 36
17151 60
17152 35
17154 32
17155 10
17156 55
17157 58
17163 49
17164 17
17166 24
17168 36
17169 15
17171 12
17173 21
17174 12
17177 1
17178 9
17180 18
17182 11
17184 13
17186 0
17187 50
17188 59
17191 6
17194 1
17196 4
17199 5
17201 58
17206 64
17212 2
17216 35
17221 11
17223 7
17224 19
17225 33
17233 32
17236 55
17238 21
17239 10
17241 55
17245 35
17246 10
17247 4
17248 13
17250 62
17251 16
17254 55
17256 4
17258 55
17260 10
17264 45
17269 35
17273 44
17274 50
17275 19
17277 35
17279 58
17282 50
17284 56
17285 20
17289 56
17291 32
17292 0
17298 32
17301 46
17302 60
17304 50
17305 35
17306 53
17311 44
17314 65
17315 60
17316 4
17317 13
17318 39
17328 15
17329 6
17330 50
17333 0
17334 60
17335 35
17338 4
17340 22
17341 45
17342 1
17343 46
17346 4
17347 36
17349 62
17352 21
17357 10
17359 38
17361 44
17364 13
17365 58
17372 18
17384 8
17389 50
17399 63
17400 15
17403 29
17405 13
17406 32
17408 60
17410 11
17411 56
17412 12
17416 50
17417 35
17419 58
17421 50
17422 15
17423 4
17429 56
17431 55
17432 45
17433 6
17434 29
17436 50
17440 34
17442 16
17445 50
17446 12
17448 39
17449 5
17452 0
17455 60
17457 45
17462 5
17463 21
17470 35
17472 19
17473 10
17478 65
17479 13
17481 62
17484 19
17487 8
17488 44
17489 27
17491 52
17493 32
17494 5
17499 39
17501 65
17502 54
17506 49
17507 35
17511 35
17513 24
17518 51
17519 62
17523 42
17529 12
17534 0
17538 24
17540 45
17543 30
17544 14
17545 61
17547 23
17551 65
17554 49
17556 27
17558 17
17559 12
17562 51
17563 46
17567 44
17568 58
17569 22
17573 48
17574 45
17576 57
17579 2
17589 24
17593 4
17595 39
17596 39
17597 24
17601 1
17607 7
17612 40
17616 31
17617 52
17618 54
17619 21
17622 5
17625 2
17630 14
17632 45
17633 0
17640 10
17643 24
17644 39
17651 26
17652 1
17655 30
17659 22
17660 23
17661 23
17666 48
17671 9
17672 30
17673 13
17674 46
17677 13
17682 12
17683 36
17685 53
17686 32
17687 40
17688 13
17694 23
17698 4
17700 48
17701 35
17702 0
17703 53
17706 7
17707 48
17710 51
17712 61
17716 13
17719 13
17723 2
17727 4
17728 36
17731 64
17733 32
17738 13
17742 64
17746 24
17748 45
17749 2
17751 59
17752 13
17753 53
17757 0
17758 56
17759 55
17760 54
17762 2
17763 40
17766 29
17770 55
17771 22
17773 59
17775 36
17776 22
17777 26
17780 64
17782 9
17784 63
17785 57
17787 40
17788 28
17791 34
17792 13
17795 61
17798 13
17802 27
17808 28
17809 3
17810 62
17811 43
17812 62
17813 39
17816 19
17822 49
17823 62
17825 40
17829 39
17834 59
17835 9
17837 39
17839 44
17847 22
17848 51
17849 39
17853 13
17857 24
17860 13
17863 45
17864 65
17866 13
17867 40
17870 10
17872 54
17873 60
17874 42
17875 19
17876 65
17877 32
17878 5
17880 19
17881 50
17887 37
17892 11
17894 6
17896 46
17897 31
17899 12
17900 56
17901 44
17906 1
17907 13
17911 62
17915 29
17916 37
17922 48
17923 35
17925 60
17927 10
17929 50
17930 16
17932 15
17933 10
17939 54
17943 50
17948 50
17950 8
17952 4
17956 44
17957 54
17958 3
17960 39
17963 32
17964 6
17965 23
17967 30
17968 49
17972 28
17973 36
17975 63
17978 39
17979 21
17980 32
17981 40
17986 38
17988 61
17993 13
20001 50
20005 19
20008 55
20009 35
20012 4
20013 1
20016 8
20019 1
20021 56
20025 4
20031 64
20032 32
20034 4
20035 6
20037 19
20038 55
20039 5
20045 45
20048 35
20055 21
20058 51
20062 0
20063 18
20068 34
20071 4
20079 46
20080 50
20081 55
20082 20
20083 35
20087 32
20089 64
20090 32
20095 58
20105 33
20106 37
20112 61
20114 63
20116 18
20117 33
20118 33
20119 33
20127 17
20129 33
20132 14
20135 17
20137 31
20138 47
20140 26
20142 39
20145 20
20151 23
20153 10
20159 13
20161 23
20165 53
20166 33
20168 33
20170 14
20174 63
20176 33
20180 23
20181 33
20186 5
20187 33
20189 61
20191 33
20193 39
20195 33
20206 63
20207 47
20210 49
20213 33
20215 33
20216 48
20217 14
20220 14
20221 33
20223 47
20226 14
20228 53
20230 64
20232 50
20233 33
20234 53
20235 33
20237 14
20241 33
20247 15
20249 63
20251 31
20252 14
20255 14
20256 37
20257 23
20259 1
20261 19
20262 46
20264 11
20265 56
20266 33
20267 29
20269 33
20270 0
20273 33
20274 34
20275 20
20278 43
20279 34
20284 28
20286 61
20291 33
20297 54
20298 52
20299 14
20300 53
20302 33
20304 61
20306 2
20308 47
20309 33
20310 27
20311 13
20314 63
20318 8
20319 63
20321 2
20324 52
20328 9
20332 33
20334 33
20337 33
20339 47
20340 34
20341 8
20344 14
20347 55
20348 4
20352 36
20353 33
20357 33
20358 17
20363 27
20364 14
20365 52
20367 52
20368 33
20370 47
20371 27
20372 59
20373 28
20374 28
20376 28
20377 21
20378 52
20379 62
20380 28
20381 41
20382 64
20384 53
20385 23
20386 59
20388 52
20389 65
20391 59
20392 61
20393 33
20395 33
20396 12
20398 62
20400 30
20401 47
20406 6
20407 59
20409 32
20412 33
20414 33
20415 11
20419 28
20420 42
20421 33
20432 14
20438 33
20439 50
20440 61
20442 33
20443 53
20444 64
20446 47
20448 33
20450 33
20453 25
20455 33
20457 44
20458 54
20459 35
20463 33
20465 60
20467 38
20468 31
20469 50
20470 33
20471 14
20473 25
20474 20
20476 33
20479 28
20480 33
20485 48
20488 17
20489 11
20490 28
20493 33
20494 14
20496 32
20497 14
20498 23
20499 27
20502 14
20507 63
20514 26
20515 28
20517 33
20523 28
20525 22
20527 27
20529 25
20531 33
20532 46
20533 34
20535 63
20545 33
20546 47
20548 47
20552 36
20557 15
20558 34
20561 33
20562 63
20564 33
20566 52
20567 30
20569 63
20583 53
20584 13
20586 53
20593 33
20596 43
20598 59
20600 14
20605 34
20606 28
20618 49
20624 35
20628 47
20630 33
20632 55
20634 47
20639 53
20640 33
20641 13
20646 52
20648 47
20650 14
20651 63
20652 14
20653 3
20654 52
20655 28
20657 23
20658 25
20660 14
20662 62
20666 3
20667 39
20668 23
20669 25
20670 27
20671 23
20672 28
20673 52
20679 60
20680 43
20682 8
20685 33
20692 55
20693 36
20695 53
20698 3
20699 48
20706 14
20708 43
20709 55
20710 22
20711 63
20712 33
20715 63
20719 4
20721 56
20725 26
20728 14
20734 62
20735 23
20736 53
20744 62
20746 33
20747 28
20753 59
20754 64
20755 35
20757 21
20759 46
20766 64
20767 52
20768 33
20769 21
20770 63
20771 27
20773 62
20775 60
20776 48
20778 65
20779 30
20784 47
20787 35
20790 12
20791 30
20792 12
20793 34
20794 14
20795 50
20797 56
20798 59
20800 33
20801 59
20802 30
20803 33
20804 30
20807 33
20811 60
20812 23
20813 30
20814 33
20817 34
20822 33
20824 65
20825 33
20826 52
20829 55
20833 14
20834 49
20835 49
20836 33
20837 57
20838 53
20840 36
20858 50
20865 35
20869 6
20878 10
20879 59
20883 59
20885 33
20887 13
20888 23
20893 54
20894 53
20896 14
20898 2
20900 23
20901 39
20902 32
20904 33
20905 2
20907 32
20909 50
20910 14
20913 47
20915 14
20917 12
20918 14
20919 29
20920 52
20921 44
20922 5
20925 8
20926 30
20927 33
20930 59
20931 25
20932 27
20936 20
20937 23
20938 33
20941 32
20943 43
20944 20
20945 36
20946 13
20947 33
20948 10
20949 33
20954 33
20958 55
20959 58
20968 33
20969 33
20972 33
20973 33
20974 25
20975 33
20976 63
20982 24
20983 47
20984 14
20988 33
20989 58
20995 2
21000 24
1 62
9 22
10 22
11 57
13 59
14 52
18 49
22 37
23 5
24 59
27 31
29 56
30 21
36 51
37 55
38 23
40 11
41 53
42 54
45 1
46 0
47 4
48 15
49 58
50 47
53 12
56 44
58 0
59 46
64 57
65 41
66 9
68 49
71 26
74 23
75 64
76 0
77 15
78 16
80 31
81 31
82 57
83 7
85 24
86 49
87 4
89 9
92 15
93 7
94 42
95 8
96 2
98 47
100 20
104 5
105 55
108 9
109 18
110 36
111 8
113 48
123 6
124 21
125 42
126 62
127 5
128 36
129 24
130 62
134 13
135 9
136 11
138 23
139 9
140 7
142 52
143 51
144 50
145 59
146 44
147 9
151 61
152 51
153 5
157 11
160 48
162 5
163 26
164 52
165 51
166 7
167 57
168 22
169 23
176 55
183 23
185 5
186 36
187 7
189 43
191 19
194 44
196 28
198 18
199 9
201 53
202 43
203 58
210 52
211 22
212 53
213 18
214 49
220 46
225 4
232 19
233 1
236 65
237 46
242 44
246 6
247 35
248 50
249 45
256 35
259 16
260 2
271 18
272 57
273 37
279 46
281 35
283 17
284 38
290 65
293 42
298 51
299 57
302 58
304 35
311 32
314 56
315 24
317 10
322 4
323 32
330 21
331 4
334 65
338 58
342 58
343 35
345 6
346 58
349 55
352 4
353 50
354 65
356 56
361 43
362 36
366 29
369 65
371 15
372 12
374 56
376 7
377 58
378 41
379 2
381 33
383 45
387 39
388 43
389 40
390 44
392 34
393 36
396 37
398 62
399 30
400 41
401 6
402 64
404 13
405 40
406 9
407 22
408 13
409 65
410 30
416 16
418 4
420 34
422 53
423 57
424 22
435 32
436 64
438 26
439 51
440 60
441 11
442 22
444 15
447 12
449 61
450 15
455 31
456 61
459 20
461 7
464 21
466 28
467 9
470 3
474 24
478 49
480 9
483 30
484 43
486 45
489 0
490 23
494 51
496 4
497 2
498 40
502 46
504 46
505 3
506 51
508 9
509 9
511 0
512 7
513 57
514 48
517 7
518 3
521 9
524 0
525 50
528 43
529 22
530 30
531 9
532 13
533 27
534 34
535 43
536 51
538 43
539 53
541 51
543 29
544 37
545 36
546 41
547 13
548 22
550 63
551 40
552 48
553 12
554 41
555 6
557 23
558 24
559 12
560 52
562 60
677 62
679 65
680 33
682 39
684 50
685 24
686 7
687 29
688 35
689 13
690 11
691 44
692 51
693 56
695 44
696 11
697 49
698 30
699 59
700 12
701 48
702 44
703 49
704 0
706 38
707 26
709 39
712 9
714 22
715 23
718 5
722 12
724 62
725 24
728 23
731 28
732 22
733 39
734 23
735 12
736 62
739 61
741 12
743 56
745 13
748 62
754 58
756 30
757 3
758 61
762 60
764 7
767 2
768 46
773 61
774 33
776 7
778 59
780 25
781 41
783 34
787 39
791 1
793 37
797 49
800 16
811 40
816 56
817 44
818 53
820 49
828 41
830 0
834 4
835 46
836 11
837 14
839 15
840 48
842 39
844 12
846 61
848 53
849 13
850 36
851 44
852 61
853 49
857 35
859 30
861 59
865 51
866 52
867 18
868 15
870 6
873 8
875 55
879 31
880 17
882 39
883 7
884 50
886 31
887 26
889 0
890 15
894 50
895 20
896 21
897 21
899 29
900 16
901 17
903 35
904 6
908 64
918 50
920 51
922 56
924 6
925 58
929 17
930 55
932 46
937 17
939 38
940 18
941 45
945 65
949 59
952 40
955 0
960 3
963 0
968 26
969 4
971 56
972 18
974 8
976 49
977 55
978 13
981 34
982 60
983 51
984 5
985 62
986 59
991 58
995 22
998 28
1000 39
6003 22
6005 23
6010 30
6013 53
6014 41
6017 52
6018 59
6020 24
6023 32
6025 55
6026 10
6027 12
6030 24
6033 29
6034 60
6035 7
6041 30
6042 61
6043 51
6047 52
6048 41
6051 53
6054 21
6055 30
6056 49
6058 8
6059 12
6060 2
6063 10
6065 13
6067 4
6068 64
6069 4
6070 21
6073 23
6075 6
6078 30
6082 22
6083 4
6084 53
6085 45
6086 3
6088 27
6090 65
6091 46
6092 44
6093 39
6094 57
6096 49
6101 49
6102 43
6103 11
6104 52
6105 53
6106 48
6107 61
6111 9
6113 21
6115 33
6119 58
6120 13
6121 21
6123 28
6124 22
6125 55
6128 45
6129 52
6130 61
6134 34
6135 51
6137 35
6138 34
6146 30
6147 23
6149 41
6154 51
6155 9
6157 22
6159 55
6163 58
6165 27
6166 12
6169 54
6172 30
6173 41
6175 28
6176 8
6177 10
6178 0
6179 14
6180 24
6181 27
6184 54
6185 30
6186 57
6187 52
6188 49
6189 1
6198 9
6199 36
6201 37
6202 44
6205 52
6208 46
6211 23
6212 62
6213 30
6214 21
6215 57
6217 9
6218 2
6220 51
6222 9
6223 62
6225 32
6227 34
6231 33
6232 47
6233 34
6234 43
6235 9
6240 30
6242 59
6243 59
6244 61
6246 12
6248 61
6252 7
6254 25
6257 14
6264 8
6267 10
6271 28
6273 27
6274 30
6275 11
6276 7
6277 22
6278 9
6279 57
6280 26
6282 9
6283 41
6287 26
6288 53
6293 41
6294 0
6295 28
6297 44
6298 23
6299 52
6301 42
6305 51
6306 48
6309 30
6310 23
6311 61
6312 9
6313 43
6315 13
6317 37
6323 30
6324 7
6325 27
6331 3
6333 37
6335 51
6337 35
6340 36
6341 31
6346 60
6347 18
6348 35
6349 30
6350 46
6352 46
6353 46
6355 56
6356 26
6358 22
6361 2
6362 56
6364 55
6365 10
6366 32
6368 39
6369 55
6371 31
6372 26
6373 2
6375 44
6376 56
6382 64
6384 55
6385 16
6398 46
6402 1
6405 35
6407 6
6410 12
6413 47
6414 35
6416 17
6417 16
6419 48
6420 53
6422 12
6425 40
6427 15
6428 58
6430 2
6432 50
6433 13
6434 62
6435 46
6436 13
6437 30
6438 48
6440 8
6441 16
6442 12
6443 15
6445 28
6447 37
6449 16
6450 19
6453 19
6454 59
6455 14
6456 23
6457 48
6458 23
6459 30
6460 44
6461 21
6463 14
6465 11
6466 30
6471 11
6473 24
6474 48
6475 41
6476 59
6477 3
6478 9
6481 17
6483 15
6484 20
6485 47
6486 46
6488 40
6491 52
6492 6
6493 4
6494 10
6495 30
6496 59
6497 2
6498 39
6499 24
6500 43
6502 65
6503 43
6504 28
6505 61
6506 40
6507 49
6509 51
6511 65
6514 26
6515 20
6520 27
6521 5
6522 30
6523 23
6524 41
6525 56
6527 21
6528 51
6529 17
6532 51
6533 61
6534 30
6537 36
6538 39
6539 44
6540 53
6541 63
6542 20
6546 8
6547 19
6549 43
6551 33
6552 14
6556 12
6557 19
6559 21
6561 19
6562 36
6568 7
6572 57
6573 30
6575 12
6576 10
6577 51
6578 1
6581 65
6583 26
6584 27
6586 33
6590 44
6591 47
6592 27
6594 2
6595 64
6597 11
6598 32
6601 59
6603 46
6604 36
6607 18
6609 59
6611 17
6612 44
6616 24
6619 15
6620 27
6621 5
6622 7
6623 58
6629 12
6630 51
6632 10
6635 49
6636 9
6638 2
6639 35
6641 59
6642 59
6647 51
6650 10
6653 30
6654 49
6655 51
6657 35
6658 1
6659 62
6660 4
6661 11
6665 63
6666 35
6668 34
6669 52
6670 25
6672 28
6673 48
6674 11
6675 6
6677 64
6679 28
6680 7
6681 61
6682 44
6683 59
6684 9
6685 9
6686 51
6687 9
6689 24
6694 3
6695 13
6696 51
6697 40
6699 31
6701 43
6702 45
6705 26
6707 62
6708 50
6709 48
6710 60
6711 43
6712 9
6714 39
6716 32
6719 2
6721 16
6723 29
6725 40
6726 28
6729 27
6730 22
6731 22
6732 28
6733 9
6734 9
6737 21
6738 28
6739 44
6740 51
6741 6
6743 41
6746 10
6747 41
6748 7
6752 3
6757 21
6758 16
6759 43
6761 48
6762 31
6763 43
6764 55
6765 47
6767 45
6770 18
6771 17
6773 9
6774 13
6776 26
6777 48
6778 49
6779 27
6783 41
6784 61
6785 31
6787 23
6788 35
6789 54
6790 7
6791 4
6794 26
6797 44
6798 54
6799 27
6801 9
6802 26
6804 46
6805 65
6807 49
6809 61
6810 57
6811 62
6813 30
6814 41
6815 47
6816 37
6817 60
6818 24
6819 59
6825 51
6827 26
6828 41
6830 28
6831 23
6836 60
6837 26
6840 53
6841 3
6844 19
6846 1
6848 52
6849 65
6850 14
6852 22
6853 65
6855 24
6856 48
6859 31
6860 57
6861 23
6862 13
6863 9
6864 22
6865 51
6866 46
6869 5
6872 1
6873 36
6874 44
6875 26
6877 12
6880 28
6881 57
6884 62
6886 24
6887 2
6888 22
6894 26
6907 56
6908 28
6912 65
6913 61
6914 60
6917 9
6920 17
6922 46
6926 35
6927 2
6928 36
6929 56
6930 15
6931 7
6934 19
6935 6
6939 56
6941 52
6942 18
6943 17
6944 62
6951 18
6952 32
6953 7
6955 37
6957 55
6961 11
6964 44
6965 56
6968 44
6969 16
6970 0
6972 9
6975 15
6976 46
6981 55
6982 0
6983 8
6985 50
6986 8
6993 54
6995 38
6996 4
6998 64
6999 17
7000 18
4012 17
4014 43
4015 30
4019 9
4021 52
4023 54
4025 51
4026 65
4027 35
4028 50
4029 30
4031 32
4032 38
4033 36
4035 35
4036 16
4038 32
4039 4
4041 54
4043 1
4045 37
4048 2
4051 60
4052 39
4054 19
4055 50
4056 4
4061 64
4062 18
4063 35
4064 21
4065 44
4066 19
4067 11
4069 19
4071 58
4074 3
4075 44
4080 18
4081 8
4084 37
4085 48
4087 34
4088 10
4089 6
4091 31
4092 44
4094 51
4096 50
4097 1
4098 19
4099 50
4100 56
4103 0
4105 59
4106 44
4107 1
4111 21
4113 21
4114 20
4115 0
4117 5
4120 56
4122 16
4123 26
4125 54
4127 62
4129 4
4132 16
4135 36
4139 58
4141 43
4142 41
4143 65
4144 51
4145 9
4146 13
4148 36
4149 43
4150 42
4152 15
4153 2
4155 28
4156 4
4157 41
4159 13
4160 40
4161 36
4164 16
4165 55
4167 36
4169 63
4170 54
4172 35
4173 42
4174 4
4175 56
4176 30
4177 9
4178 62
4182 2
4184 30
4185 27
4189 27
4192 8
4193 13
4194 27
4199 64
4201 37
4204 24
4205 30
4210 12
4212 12
4215 35
4216 43
4218 57
4219 30
4220 23
4223 16
4227 2
4228 57
4229 1
4231 5
4233 49
4235 44
4237 24
4238 37
4239 48
4240 24
4241 44
4245 13
4246 55
4249 49
4253 51
4255 62
4257 27
4258 30
4259 32
4261 59
4266 65
4267 54
4273 52
4276 43
4277 45
4279 30
4281 50
4282 21
4284 5
4285 51
4286 29
4288 30
4290 46
4292 19
4293 42
4297 10
4301 3
4302 43
4303 55
4304 30
4306 16
4307 25
4310 24
4313 53
4318 34
4323 22
4327 41
4328 45
4330 23
4331 26
4333 62
4337 27
4338 55
4339 44
4340 41
4341 59
4343 24
4344 9
4345 54
4346 23
4347 19
4349 4
4351 7
4353 41
4357 61
4358 30
4360 48
4361 53
4363 25
4364 54
4365 15
4366 18
4369 24
4370 23
4371 24
4372 33
4374 48
4376 41
4378 33
4380 26
4384 7
4385 23
4386 3
4387 51
4388 7
4389 26
4397 48
4398 57
4399 51
4401 22
4404 26
4405 4
4407 19
4408 44
4409 18
4410 15
4411 7
4412 11
4419 57
4420 28
4425 39
4429 50
4431 65
4433 51
4434 65
4436 11
4437 22
4438 41
4439 48
4440 9
4446 9
4447 13
4449 42
4451 27
4452 9
4453 1
4454 65
4455 16
4457 23
4458 58
4459 9
4460 17
4462 56
4465 9
4466 20
4470 5
4472 17
4474 20
4475 51
4476 61
4477 22
4480 35
4481 40
4483 38
4484 46
4486 10
4487 18
4488 58
4493 41
4494 30
4498 26
4499 8
4504 28
4505 48
4507 10
4509 32
4510 22
4513 50
4515 38
4516 37
4517 59
4518 17
4519 31
4521 53
4523 51
4524 62
4525 32
4532 42
4533 42
4534 15
4536 62
4537 21
4541 17
4544 8
4551 49
4552 5
4554 52
4555 16
4558 0
4560 13
4562 41
4574 53
4576 55
4578 56
4579 1
4581 28
4583 48
4584 13
4585 19
4586 40
4591 65
4592 22
4593 8
4595 35
4600 46
4603 60
4604 21
4605 62
4606 22
4609 4
4610 18
4613 7
4615 11
4617 39
4621 31
4622 0
4623 2
4625 32
4630 58
4632 35
4634 8
4635 8
4637 1
4638 15
4640 54
4641 17
4644 17
4648 64
4649 51
4652 37
4654 50
4656 55
4657 37
4658 4
4659 51
4660 3
4662 58
4664 55
4665 35
4666 44
4679 4
4686 62
4687 2
4689 65
4690 62
4691 0
4692 4
4695 8
4697 29
4698 18
4700 42
4708 35
4711 39
4712 19
4713 50
4714 50
4717 46
4729 23
4732 53
4733 48
4735 41
4739 58
4740 36
4741 18
4742 64
4743 15
4744 18
4745 4
4747 28
4748 45
4751 42
4755 26
4756 39
4758 42
4759 53
4761 64
4763 38
4765 57
4768 15
4769 60
4770 17
4771 16
4772 45
4773 7
4774 48
4775 41
4776 40
4777 27
4779 39
4780 6
4781 45
4782 31
4785 45
4787 15
4788 43
4791 43
4792 43
4794 59
4795 19
4796 44
4797 61
4798 42
4801 29
4803 33
4804 13
4805 41
4806 24
4807 9
4808 17
4809 44
4810 31
4811 31
4812 64
4814 57
4816 3
4818 2
4819 57
4820 41
4821 51
4824 54
4827 59
4829 32
4831 20
4835 46
4841 54
4843 55
4845 17
4848 17
4850 24
4867 39
4881 21
4884 2
4887 39
4889 54
4890 36
4892 33
4893 36
4894 56
4898 29
4900 49
4901 27
4903 20
4904 24
4908 11
4910 49
4911 53
4914 30
4918 29
4920 7
4922 16
4925 20
4929 8
4930 52
4933 54
4934 14
4937 15
4938 15
4941 35
4952 36
4954 61
4955 37
4956 51
4959 45
4960 27
4963 49
4964 45
4965 17
4970 4
4972 34
4974 61
4976 62
4981 49
4983 2
4987 1
4990 9
4991 9
4993 8
4998 7
4999 57
10002 48
10008 43
10015 35
10018 24
10023 31
10025 3
10027 33
10032 53
10035 30
10037 30
10038 32
10040 23
10041 56
10042 22
10046 27
10048 35
10049 55
10050 16
10052 44
10053 51
10054 9
10057 13
10058 51
10061 9
10062 57
10064 11
10065 46
10066 60
10067 13
10068 9
10071 40
10074 48
10076 9
10079 18
10080 32
10083 34
10085 7
10086 36
10088 13
10089 23
10090 12
10092 22
10094 61
10095 5
10096 24
10097 23
10098 36
10099 41
10100 5
10102 22
10105 42
10107 46
10108 59
10109 7
10110 49
10112 48
10114 52
10115 48
10119 41
10122 5
10128 9
10129 24
10130 61
10140 17
10146 40
10151 33
10153 31
10154 38
10155 38
10156 20
10158 9
10162 26
10163 44
10165 27
10171 24
10173 1
10174 41
10176 15
10177 15
10178 0
10180 44
10181 9
10183 15
10185 23
10186 12
10191 45
10192 55
10196 27
10197 21
10200 15
10201 20
10207 42
10208 5
10209 35
10211 17
10213 36
10214 39
10215 27
10216 29
10219 22
10222 7
10224 49
10225 28
10227 14
10230 32
10231 30
10233 49
10235 41
10237 36
10238 39
10240 48
10242 37
10243 26
10245 3
10253 47
10254 52
10255 58
10258 51
10260 38
10261 16
10262 18
10264 58
10265 8
10272 7
10277 0
10280 51
10281 17
10282 26
10283 16
10284 17
10285 18
10289 42
10291 49
10292 56
10294 42
10295 42
10299 35
10302 4
10306 6
10310 36
10311 55
10313 19
10314 55
10315 0
10318 9
10321 18
10322 16
10324 20
10328 8
10332 16
10334 43
10335 65
10338 52
10342 21
10347 50
10348 45
10349 61
10352 4
10354 65
10355 60
10356 0
10358 42
10359 16
10361 6
10367 54
10368 56
10371 62
10375 60
10377 41
10381 53
10384 18
10385 42
10387 49
10388 7
10390 61
10391 49
10393 14
10394 16
10397 18
10398 56
10399 56
10401 61
10402 7
10403 52
10404 47
10411 33
10412 4
10414 36
10416 8
10418 65
10419 24
10423 24
10427 7
10429 39
10430 28
10431 53
10432 36
10434 41
10435 24
10436 23
10439 53
10440 44
10442 36
10445 21
10446 13
10447 41
10449 35
10453 39
10454 8
10455 32
10458 44
10459 53
10462 54
10464 20
10467 49
10470 7
10471 60
10472 52
10473 49
10478 30
10484 44
10491 54
10498 7
10499 27
10500 11
10505 62
10506 56
10508 4
10509 42
10515 60
10518 1
10521 34
10524 41
10527 44
10529 26
10530 35
10532 53
10534 53
10536 21
10537 46
10538 23
10541 36
10542 9
10544 26
10545 45
10547 9
10548 19
10551 65
10553 55
10555 60
10556 36
10559 60
10561 7
10563 3
10564 14
10565 51
10566 12
10573 9
10576 60
10581 49
10584 48
10585 46
10586 54
10587 50
10590 55
10592 15
10593 50
10594 18
10596 12
10597 43
10598 48
10599 43
10600 23
10601 59
10602 15
10604 15
10606 45
10608 39
10609 26
10610 33
10611 41
10612 30
10613 39
10615 10
10618 55
10619 5
10622 35
10623 62
10625 55
10632 46
10633 5
10634 56
10638 62
10640 50
10642 50
10644 51
10648 18
10661 35
10662 56
10665 35
10674 39
10676 62
10678 26
10682 19
10685 15
10687 50
10688 41
10692 21
10693 35
10694 11
10695 32
10699 7
10702 40
10703 21
10704 32
10708 16
10709 19
10710 8
10714 44
10715 46
10717 50
10721 45
10724 18
10729 39
10734 11
10737 18
10738 44
10742 32
10743 5
10744 24
10746 37
10748 24
10749 1
10750 58
10752 46
10754 16
10755 58
10756 16
10757 16
10760 54
10767 39
10768 45
10773 17
10774 54
10779 45
10781 58
10784 17
10786 48
10787 44
10788 40
10790 12
10794 3
10796 20
10805 40
10808 19
10809 35
10811 19
10815 29
10816 49
10817 13
10822 6
10825 17
10826 23
10827 8
10831 3
10832 48
10833 44
10834 40
10839 51
10840 43
10841 1
10843 60
10844 4
10845 46
10847 49
10848 36
10849 65
10851 33
10853 34
10855 30
10856 27
10859 10
10860 44
10864 29
10867 40
10868 65
10870 52
10871 8
10872 54
10873 17
10874 36
10876 50
10877 44
10879 53
10883 19
10884 33
10885 52
10887 7
10891 53
10892 6
10893 39
10894 9
10895 24
10897 34
10899 62
10901 39
10902 32
10903 64
10904 11
10905 4
10907 41
10908 48
10909 12
10913 58
10917 59
10918 39
10919 52
10921 59
10922 7
10923 28
10924 52
10925 17
10926 49
10928 11
10941 36
10943 26
10944 44
10946 61
10947 42
10950 9
10959 58
10960 13
10961 62
10962 13
10963 43
10964 23
10966 14
10971 39
10972 34
10973 53
10974 34
10978 51
10980 41
10983 34
10985 22
10988 36
10989 49
10992 9
10998 3
10999 57
12001 49
12003 58
12005 27
12008 32
12010 26
12011 6
12014 26
12016 21
12017 51
12018 36
12019 10
12022 43
12024 20
12027 55
12028 24
12031 47
12032 3
12033 41
12035 34
12036 9
12040 44
12042 30
12044 3
12045 9
12046 56
12048 16
12049 12
12050 44
12053 36
12054 9
12059 44
12061 59
12063 41
12064 9
12067 26
12068 2
12073 55
12077 23
12078 59
12079 61
12080 18
12083 36
12084 11
12085 30
12087 62
12091 7
12093 7
12094 40
12096 19
12098 30
12101 6
12102 29
12106 1
12110 53
12112 18
12114 44
12115 14
12117 4
12119 44
12122 11
12125 16
12127 41
12128 48
12131 26
12132 40
12133 22
12135 65
12138 4
12139 8
12140 65
12146 62
12147 8
12149 52
12150 43
12152 35
12153 7
12154 43
12155 9
12156 34
12159 15
12162 9
12163 52
12164 29
12166 53
12169 41
12171 13
12172 9
12173 40
12176 23
12177 0
12178 5
12179 4
12182 27
12184 41
12185 9
12186 22
12187 41
12191 48
12195 13
12197 8
12201 11
12202 22
12203 26
12204 43
12205 24
12207 30
12208 19
12209 6
12211 28
12213 44
12215 0
12216 44
12219 13
12221 13
12222 12
12223 20
12224 54
12225 7
12226 51
12227 51
12229 31
12231 34
12235 51
12236 36
12237 39
12239 23
12240 61
12243 16
12244 41
12246 44
12249 1
12250 24
12251 0
12255 23
12258 41
12259 56
12260 46
12266 28
12267 17
12270 45
12271 52
12274 55
12276 12
12278 0
12281 2
12283 8
12285 20
12286 38
12288 7
12293 0
12294 52
12296 61
12298 62
12301 44
12302 22
12303 10
12304 57
12305 26
12306 59
12309 24
12312 16
12313 46
12315 54
12316 29
12317 49
12318 64
12321 22
12331 37
12332 58
12333 0
12334 53
12336 15
12338 60
12339 36
12340 10
12341 61
12344 39
12345 51
12346 41
12350 9
12351 59
12352 30
12353 41
12355 20
12356 11
12362 28
12364 43
12368 29
12374 2
12375 32
12378 1
12379 59
12380 63
12382 53
12383 26
12386 22
12389 62
12390 3
12391 41
12394 16
12395 22
12397 19
12398 46
12399 35
12400 41
12403 18
12404 1
12407 18
12408 31
12409 50
12411 1
12413 0
12415 45
12421 15
12423 32
12424 58
12426 54
12432 19
12433 16
12435 21
12441 2
12442 54
12443 62
12448 0
12449 54
12454 45
12455 65
12457 55
12460 58
12461 35
12462 32
12463 3
12464 29
12465 3
12466 42
12468 35
12469 16
12472 64
12473 58
12480 18
12483 37
12485 49
12487 59
12488 37
12489 6
12490 46
12492 22
12495 20
12502 19
12503 44
12504 9
12505 41
12506 34
12507 18
12508 10
12509 19
12511 42
12512 24
12514 29
12515 5
12516 41
12517 11
12520 30
12521 49
12523 21
12524 44
12529 65
12530 62
12531 4
12532 65
12534 37
12538 13
12540 13
12545 4
12546 60
12549 49
12550 11
12551 11
12555 21
12557 9
12558 50
12559 2
12562 52
12563 35
12564 35
12569 25
12570 33
12571 21
12572 51
12573 44
12574 44
12579 7
12580 44
12592 11
12594 62
12596 30
12599 62
12600 15
12602 35
12604 32
12605 3
12608 46
12609 4
12610 49
12611 32
12613 48
12616 52
12619 11
12620 39
12621 55
12623 4
12624 41
12625 22
12627 56
12628 15
12629 7
12630 56
12631 30
12632 57
12633 11
12636 2
12639 42
12641 3
12644 63
12645 33
12646 36
12647 24
12648 15
12649 28
12651 54
12652 22
12654 58
12655 65
12657 29
12658 52
12659 61
12660 45
12661 13
12663 40
12664 27
12667 22
12668 12
12670 45
12672 52
12674 53
12676 6
12677 44
12679 48
12680 59
12681 43
12683 41
12685 2
12687 56
12688 13
12689 39
12690 50
12691 49
12692 11
12694 0
12696 10
12697 22
12698 62
12699 22
12701 64
12702 24
12703 8
12704 43
12705 27
12706 20
12707 3
12714 8
12715 43
12716 22
12717 49
12719 57
12721 23
12722 58
12725 8
12727 49
12728 9
12731 8
12732 8
12743 19
12748 11
12751 36
12752 20
12754 50
12755 19
12758 10
12759 24
12760 35
12761 39
12763 54
12767 29
12772 32
12774 38
12775 45
12778 50
12783 11
12785 8
12788 10
12790 50
12791 5
12797 19
12799 21
12803 65
12805 18
12806 55
12810 46
12813 20
12814 10
12815 50
12817 18
12818 0
12822 22
12823 36
12824 40
12827 51
12829 21
12830 50
12831 17
12834 35
12836 65
12839 10
12841 31
12842 4
12843 47
12846 16
12848 56
12851 39
12852 40
12853 6
12857 20
12858 39
12860 51
12861 5
12862 51
12866 49
12869 61
12874 43
12875 16
12878 44
12880 21
12883 49
12885 31
12886 12
12888 60
12889 12
12890 36
12891 10
12893 53
12897 57
12898 43
12900 13
12901 43
12904 59
12905 36
12907 45
12908 5
12910 42
12912 57
12914 41
12915 7
12917 31
12919 11
12924 58
12929 22
12933 40
12935 19
12937 2
12940 58
12949 21
12956 24
12959 45
12962 44
12963 28
12965 45
12969 51
12973 5
12974 22
12978 23
12980 24
12981 62
12987 65
12988 22
12992 26
12995 6
12996 8
18001 58
18009 35
18011 0
18014 46
18017 65
18028 11
18029 54
18034 50
18036 49
18037 12
18038 36
18040 40
18048 31
18050 45
18052 27
18061 44
18062 30
18065 30
18066 56
18068 14
18071 19
18075 39
18079 13
18080 63
18085 6
18093 44
18095 58
18096 15
18099 5
18101 49
18104 46
18106 32
18108 20
18109 18
18111 49
18120 30
18135 27
18138 39
18145 40
18148 5
18149 24
18150 35
18152 52
18155 33
18157 40
18158 52
18160 11
18166 34
18176 50
18180 43
18182 11
18186 35
18187 40
18188 9
18191 12
18205 12
18210 22
18217 9
18221 32
18222 11
18223 14
18225 6
18228 60
18229 36
18231 35
18232 54
18234 36
18236 54
18238 22
18239 29
18242 57
18243 45
18249 57
18252 21
18253 7
18254 29
18257 64
18258 34
18271 50
18276 32
18277 46
18280 6
18281 32
18283 43
18294 17
18296 16
18300 45
18302 58
18303 31
18307 34
18308 30
18309 27
18313 50
18321 16
18323 35
18326 27
18328 58
18332 45
18334 12
18336 22
18339 32
18342 22
18348 11
18351 22
18352 55
18354 28
18355 30
18356 58
18357 57
18360 6
18362 6
18366 0
18367 0
18371 39
18372 19
18374 15
18375 37
18376 6
18378 53
18383 6
18385 56
18387 44
18388 49
18389 5
18390 40
18392 62
18393 5
18394 65
18396 34
18397 35
18398 36
18399 50
18402 40
18403 50
18407 64
18415 6
18418 50
18419 62
18420 60
18421 5
18423 32
18425 38
18426 64
18429 46
18430 20
18432 16
18433 37
18435 5
18436 19
18437 55
18438 63
18443 50
18445 0
18448 64
18454 8
18455 46
18456 4
18458 37
18459 10
18462 6
18463 18
18464 58
18465 57
18466 46
18467 46
18470 20
18472 46
18476 20
18479 38
18481 51
18483 15
18487 21
18488 55
18490 46
18493 37
18495 15
18497 18
18504 55
18509 42
18514 21
18519 39
18520 55
18523 4
18524 16
18527 16
18530 21
18531 32
18533 20
18534 18
18536 8
18537 42
18538 18
18539 15
18540 37
18549 18
18554 54
18557 18
18563 52
18564 6
18565 35
18566 5
18567 22
18569 2
18570 49
18575 40
18576 62
18577 45
18585 40
18590 62
18591 43
18592 39
18595 46
18599 35
18600 49
18602 23
18604 10
18605 44
18606 14
18610 34
18616 20
18621 35
18627 27
18638 24
18643 50
18644 46
18646 59
18648 33
18654 40
18655 0
18658 24
18660 62
18663 1
18664 15
18665 18
18667 39
18668 55
18670 55
18674 32
18676 2
18678 56
18680 8
18682 39
18686 13
18688 46
18689 0
18692 42
18698 11
18699 27
18700 45
18701 18
18703 28
18704 20
18705 16
18706 0
18707 10
18708 53
18713 41
18718 43
18719 34
18721 43
18728 19
18730 13
18732 27
18736 4
18738 19
18739 48
18743 0
18744 35
18746 32
18747 8
18749 56
18751 24
18752 50
18754 11
18765 19
18768 56
18769 27
18773 34
18774 60
18778 9
18782 24
18783 45
18789 0
18795 10
18807 44
18810 39
18811 36
18816 63
18824 55
18828 27
18830 28
18832 52
18835 50
18840 32
18842 40
18849 55
18851 4
18852 6
18856 64
18858 19
18859 24
18860 33
18861 2
18863 65
18865 6
18867 5
18870 34
18872 49
18873 16
18875 59
18882 40
18888 3
18895 12
18898 22
18902 19
18904 15
18906 2
18910 21
18917 1
18920 2
18921 62
18922 12
18924 64
18930 45
18932 13
18938 3
18943 45
18944 34
18945 62
18946 18
18951 44
18952 56
18953 43
18955 27
18959 35
18962 51
18963 44
18975 64
18986 48
18988 12
18992 65
18994 6
18995 6
18997 61
16002 65
16003 9
16004 58
16005 55
16006 54
16013 53
16015 30
16016 41
16021 60
16022 23
16023 44
16026 5
16029 44
16030 41
16033 45
16037 49
16041 39
16045 7
16052 16
16055 27
16063 56
16074 0
16075 35
16076 55
16077 55
16086 15
16088 64
16091 49
16093 60
16094 58
16095 50
16096 56
16097 1
16098 18
16100 21
16103 50
16107 58
16110 19
16112 6
16115 5
16117 36
16119 0
16120 44
16122 19
16123 32
16125 8
16126 20
16130 60
16133 16
16134 10
16136 64
16139 50
16140 0
16141 15
16142 56
16143 20
16145 3
16146 3
16148 46
16149 44
16150 18
16152 62
16155 0
16159 17
16163 36
16164 17
16166 3
16170 24
16171 58
16172 31
16173 31
16175 44
16176 36
16177 0
16179 36
16185 32
16188 46
16194 9
16195 18
16196 32
16197 17
16200 35
16201 35
16202 53
16203 63
16206 30
16207 44
16210 35
16211 22
16212 5
16213 5
16214 32
16215 60
16216 39
16219 52
16221 17
16223 21
16225 45
16228 17
16230 41
16232 40
16233 40
16234 58
16238 65
16241 32
16243 16
16244 31
16246 7
16247 62
16251 18
16252 31
16256 35
16257 10
16258 40
16260 61
16262 29
16263 59
16264 1
16266 23
16269 14
16270 15
16274 14
16275 61
16277 24
16278 22
16279 32
16281 15
16282 56
16283 59
16284 14
16285 18
16286 1
16287 44
16288 12
16289 0
16291 30
16294 59
16297 23
16298 42
16299 51
16300 9
16302 56
16303 30
16304 56
16307 39
16310 8
16311 31
16312 26
16314 44
16315 53
16316 58
16317 23
16318 45
16319 0
16324 23
16327 64
16331 55
16332 12
16336 44
16337 34
16339 9
16342 53
16343 26
16346 28
16347 9
16348 43
16350 43
16354 13
16357 32
16359 54
16360 53
16363 17
16365 30
16367 11
16369 21
16370 44
16371 28
16372 31
16374 23
16376 61
16377 61
16380 0
16385 23
16386 53
16388 23
16390 26
16392 11
16393 11
16394 11
16395 22
16396 44
16398 2
16399 17
16400 34
16401 7
16403 24
16404 24
16405 61
16406 56
16407 44
16409 12
16410 14
16415 8
16417 14
16418 27
16419 36
16420 2
16421 23
16422 53
16424 52
16426 15
16427 21
16428 28
16429 37
16430 37
16432 53
16434 30
16437 57
16440 27
16441 14
16442 35
16443 24
16444 24
16448 61
16449 12
16450 9
16454 27
16457 62
16458 23
16459 3
16460 49
16461 61
16463 22
16465 22
16468 9
16469 44
16470 9
16471 7
16472 44
16473 49
16475 57
16476 52
16478 52
16479 49
16480 23
16481 62
16486 17
16487 52
16488 54
16490 6
16492 28
16493 24
16495 11
16496 65
16499 32
16502 29
16505 4
16510 40
16512 22
16513 62
16518 12
16521 9
16522 27
16523 40
16527 47
16530 31
16531 49
16533 53
16538 41
16539 30
16545 59
16546 25
16549 9
16551 33
16554 27
16555 39
16561 9
16563 36
16568 22
16569 57
16570 36
16574 6
16577 60
16581 49
16583 49
16584 43
16585 53
16587 52
16588 9
16589 9
16590 41
16591 24
16592 19
16597 2
16598 52
16599 30
16600 1
16602 59
16604 44
16606 30
16607 35
16608 47
16610 30
16611 7
16615 59
16619 52
16621 22
16622 36
16623 17
16625 52
16627 35
16628 52
16630 58
16633 11
16635 30
16636 32
16638 57
16641 43
16642 61
16644 6
16645 7
16646 50
16648 13
16649 50
16650 42
16651 3
16652 22
16653 9
16654 27
16655 27
16656 45
16658 35
16662 23
16663 40
16664 34
16665 41
16667 13
16668 23
16670 27
16672 61
16675 13
16676 12
16677 45
16678 7
16679 13
16680 2
16681 18
16684 12
16685 37
16687 59
16688 2
16695 24
16698 28
16700 37
16705 30
16706 9
16707 13
16708 27
16710 57
16711 40
16714 60
16715 23
16717 31
16718 48
16719 23
16723 0
16725 27
16726 51
16727 16
16734 36
16735 28
16737 24
16739 35
16740 8
16745 18
16746 8
16747 50
16749 5
16750 26
16754 50
16755 18
16759 58
16761 10
16762 10
16767 8
16770 55
16772 38
16774 32
16776 55
16777 5
16779 56
16783 8
16787 58
16788 8
16792 12
16794 35
16795 61
16796 39
16797 30
16798 61
16799 53
16800 63
16801 34
16802 52
16803 61
16804 52
16806 41
16807 59
16808 43
16809 52
16810 34
16811 12
16812 59
16813 59
16814 23
16815 47
16816 23
16817 14
16818 17
16819 34
16824 6
16825 30
16826 40
16833 62
16834 9
16835 51
16836 29
16837 7
16838 44
16839 9
16843 18
16848 34
16850 34
16851 32
16852 20
16853 61
16854 18
16856 54
16858 23
16865 23
16868 36
16871 32
16872 44
16873 13
16874 6
16875 3
16884 9
16885 11
16886 61
16888 46
16890 28
16893 11
16897 20
16903 50
16908 56
16909 28
16910 43
16911 23
16912 59
16913 25
16916 44
16917 39
16918 7
16921 52
16922 57
16923 26
16925 39
16926 65
16929 35
16932 35
16935 54
16939 46
16940 18
16941 10
16946 32
16950 8
16952 38
16953 49
16955 50
16957 46
16961 35
16962 54
16963 58
16964 55
16966 57
16967 42
16968 55
16969 18
16970 50
16973 54
16975 54
16978 15
16979 24
16981 50
16983 42
16985 55
16986 48
16987 38
16988 65
16989 10
16990 15
16991 46
16992 40
16993 20
16995 24
16997 54
17000 65
7001 6
7003 41
7005 20
7006 18
7007 8
7008 9
7009 15
7010 15
7011 35
7012 15
7013 8
7014 37
7015 15
7020 46
7023 46
7024 11
7027 38
7029 21
7030 21
7031 46
7032 45
7039 39
7041 62
7045 13
7046 9
7047 21
7048 23
7049 37
7052 31
7057 46
7058 49
7060 48
7061 30
7063 9
7064 60
7065 36
7066 29
7067 21
7068 39
7070 18
7071 45
7072 59
7073 43
7074 27
7075 56
7076 13
7077 41
7078 53
7079 30
7080 38
7083 41
7085 51
7087 58
7088 19
7090 24
7092 51
7093 2
7096 59
7097 46
7098 31
7099 15
7100 18
7102 37
7104 64
7106 31
7107 44
7109 7
7110 49
7111 43
7113 61
7115 61
7117 18
7119 50
7120 59
7123 30
7124 4
7126 2
7128 61
7129 0
7130 36
7132 41
7133 61
7135 20
7136 2
7139 61
7141 21
7143 16
7146 37
7148 9
7149 36
7154 45
7155 3
7157 31
7158 9
7161 50
7166 40
7167 63
7168 5
7177 19
7184 14
7185 12
7188 17
7189 9
7190 30
7191 51
7192 23
7193 63
7196 35
7199 49
7204 10
7208 58
7209 64
7212 23
7216 56
7217 24
7218 26
7220 3
7221 56
7222 11
7225 44
7226 23
7229 34
7234 22
7235 51
7240 44
7244 30
7245 48
7247 62
7250 9
7253 62
7256 30
7259 57
7260 24
7261 53
7263 56
7264 30
7266 26
7267 57
7272 53
7275 7
7276 30
7277 26
7278 51
7279 41
7286 41
7287 37
7296 45
7297 31
7302 30
7304 58
7305 22
7308 64
7310 21
7311 19
7312 54
7314 20
7315 36
7317 9
7318 62
7319 35
7320 22
7321 18
7322 7
7323 32
7329 15
7330 53
7331 23
7332 29
7337 62
7338 41
7339 53
7341 24
7342 26
7344 62
7346 9
7349 44
7352 45
7353 65
7354 12
7355 29
7357 64
7358 9
7359 28
7362 62
7363 26
7366 21
7367 0
7370 36
7379 6
7381 44
7382 49
7385 40
7386 39
7388 23
7391 36
7394 39
7398 59
7404 27
7406 58
7407 12
7408 1
7410 26
7413 7
7419 42
7420 15
7421 37
7424 31
7425 15
7426 38
7427 6
7428 16
7432 53
7433 60
7437 16
7438 63
7439 28
7441 26
7442 56
7443 60
7444 13
7447 8
7449 25
7452 6
7453 9
7455 53
7459 23
7462 17
7464 44
7465 52
7466 7
7468 51
7469 29
7470 62
7472 48
7474 57
7475 39
7476 30
7477 35
7481 9
7482 63
7483 27
7484 62
7487 9
7488 9
7490 49
7491 28
7494 61
7495 61
7496 50
7497 29
7498 41
7500 58
7501 50
7504 24
7505 14
7508 34
7510 47
7512 50
7514 6
7516 52
7517 26
7518 51
7519 57
7520 41
7521 50
7528 55
7529 35
7531 20
7533 9
7534 3
7539 58
7541 57
7544 51
7548 12
7552 19
7554 17
7555 42
7557 11
7558 34
7564 10
7566 58
7568 50
7569 50
7570 20
7574 0
7576 1
7577 1
7580 18
7581 20
7583 15
7584 15
7585 18
7590 18
7591 18
7592 36
7593 65
7596 3
7600 58
7603 24
7604 12
7605 19
7606 18
7609 11
7611 50
7618 3
7620 31
7621 41
7622 9
7623 8
7626 50
7627 2
7629 15
7631 51
7632 35
7634 22
7635 13
7636 9
7637 45
7638 38
7639 3
7641 46
7642 44
7643 45
7644 30
7647 26
7650 2
7657 26
7659 44
7669 64
7670 2
7671 3
7672 9
7673 10
7674 37
7676 34
7678 24
7679 12
7681 7
7682 51
7684 60
7686 26
7687 13
7690 63
7693 49
7694 51
7696 6
7698 3
7702 6
7704 51
7707 28
7709 7
7710 54
7715 36
7722 62
7723 30
7725 7
7726 34
7728 14
7729 40
7730 34
7732 51
7733 46
7734 43
7735 23
7736 6
7737 45
7738 10
7739 59
7743 30
7746 48
7747 65
7749 3
7752 53
7755 41
7757 57
7761 48
7762 30
7763 39
7765 35
7766 48
7767 46
7768 49
7771 50
7773 4
7774 7
7776 11
7782 41
7784 38
7785 1
7789 18
7790 41
7791 60
7795 46
7796 5
7797 60
7802 64
7805 59
7807 38
7809 62
7810 24
7813 49
7814 65
7816 24
7817 55
7818 8
7819 17
7820 49
7821 61
7823 41
7824 40
7825 12
7826 28
7828 34
7830 23
7831 45
7835 23
7836 61
7837 9
7838 59
7839 62
7840 24
7841 61
7843 59
7845 48
7847 13
7848 39
7850 41
7851 57
7855 9
7857 34
7858 16
7860 54
7861 41
7862 54
7864 9
7865 24
7866 9
7867 65
7869 41
7870 44
7872 40
7873 54
7874 12
7875 48
7876 19
7877 60
7878 61
7879 19
7880 34
7881 47
7883 17
7884 27
7887 30
7888 35
7891 22
7893 11
7894 43
7895 45
7896 24
7897 3
7899 35
7901 19
7902 6
7903 64
7907 56
7912 51
7913 7
7914 53
7918 11
7920 38
7922 51
7928 57
7930 45
7935 11
7937 46
7939 21
7940 13
7942 7
7948 27
7949 7
7950 55
7952 65
7953 17
7954 57
7955 57
7956 12
7958 44
7961 11
7962 55
7963 29
7964 60
7966 19
7967 22
7968 40
7969 18
7970 61
7971 8
7972 19
7974 11
7975 9
7977 2
7979 22
7980 20
7983 62
7984 13
7985 62
7987 26
7990 9
7992 13
7993 21
7994 43
7997 2
8000 49
11006 64
11007 7
11015 11
11018 41
11019 53
11025 5
11027 5
11028 41
11029 65
11030 18
11031 52
11034 57
11035 13
11036 43
11039 19
11041 6
11043 46
11046 28
11047 59
11048 24
11049 31
11051 39
11056 2
11057 40
11058 59
11059 17
11060 25
11063 40
11064 56
11065 58
11066 46
11070 5
11071 41
11074 19
11076 35
11078 20
11086 13
11087 7
11088 39
11090 6
11093 62
11095 13
11098 9
11100 6
11101 2
11102 64
11103 20
11104 36
11105 57
11106 59
11107 57
11109 41
11111 61
11112 30
11113 13
11115 23
11118 6
11121 1
11123 58
11126 49
11127 15
11128 41
11132 52
11133 49
11134 13
11136 2
11137 42
11139 60
11143 36
11144 62
11145 27
11149 32
11153 53
11154 7
11156 6
11159 8
11160 16
11161 4
11162 55
11163 46
11164 0
11166 55
11168 41
11170 16
11171 58
11173 64
11174 39
11175 45
11177 64
11179 46
11181 9
11183 11
11185 20
11190 8
11191 15
11192 44
11193 29
11196 5
11197 38
11198 4
11201 21
11202 62
11205 36
11210 45
11211 21
11220 7
11221 57
11222 58
11225 50
11227 26
11228 20
11230 38
11232 10
11233 6
11234 20
11236 65
11237 20
11239 65
11241 52
11242 41
11243 11
11249 19
11251 58
11252 11
11253 62
11255 49
11256 38
11257 22
11259 31
11260 55
11261 15
11265 60
11268 40
11270 56
11271 65
11272 6
11273 0
11274 12
11276 21
11277 51
11278 62
11279 39
11282 44
11283 31
11284 38
11285 3
11287 64
11289 57
11291 55
11292 19
11295 0
11297 55
11299 64
11300 27
11301 28
11302 53
11305 53
11306 41
11307 53
11308 23
11314 46
11315 26
11317 23
11320 45
11322 19
11324 24
11327 32
11330 37
11333 30
11335 11
11336 33
11338 7
11340 26
11344 63
11348 22
11349 11
11352 58
11354 43
11357 50
11358 22
11359 41
11362 2
11369 39
11370 24
11371 22
11372 5
11373 39
11374 36
11377 27
11378 62
11379 17
11381 6
11384 50
11385 21
11386 65
11387 58
11390 8
11393 63
11394 38
11395 7
11396 13
11397 50
11400 37
11402 2
11403 49
11405 40
11406 46
11407 27
11413 11
11416 30
11417 58
11418 23
11420 46
11421 35
11422 8
11424 57
11425 54
11428 9
11429 44
11430 35
11431 3
11433 49
11435 1
11437 49
11440 57
11441 13
11443 33
11444 4
11446 19
11447 1
11449 65
11450 65
11451 49
11452 43
11455 50
11459 54
11460 50
11461 35
11464 39
11465 9
11466 12
11468 24
11469 20
11470 23
11475 28
11476 40
11477 24
11478 59
11479 51
11481 57
11484 13
11487 60
11488 58
11490 7
11492 49
11494 61
11496 58
11497 57
11498 55
11499 52
11500 26
11501 17
11503 41
11504 13
11505 49
11506 7
11507 26
11508 41
11510 9
11514 36
11515 13
11519 32
11522 48
11523 13
11526 39
11527 12
11528 41
11529 27
11539 24
11540 48
11541 55
11543 43
11544 5
11545 58
11546 56
11549 7
11550 49
11551 32
11553 44
11554 64
11555 58
11558 32
11559 3
11563 24
11564 30
11565 41
11566 7
11567 1
11568 23
11569 23
11570 7
11571 51
11572 9
11574 64
11575 9
11578 57
11579 49
11580 8
11584 32
11587 62
11588 52
11597 49
11598 22
11599 40
11602 2
11611 10
11614 41
11617 12
11619 22
11621 26
11622 57
11623 12
11625 6
11627 62
11628 12
11629 28
11630 34
11633 57
11635 48
11636 7
11637 21
11638 7
11639 4
11643 24
11644 41
11649 57
11657 24
11658 32
11660 8
11661 45
11663 9
11664 41
11665 32
11666 7
11667 41
11668 43
11674 53
11679 12
11682 0
11683 41
11684 34
11685 28
11687 51
11689 52
11690 30
11696 14
11697 31
11700 23
11701 31
11702 56
11705 41
11706 4
11707 2
11708 30
11711 0
11713 33
11714 21
11716 17
11717 44
11721 27
11722 12
11723 8
11724 23
11725 23
11726 24
11727 57
11728 26
11730 26
11731 31
11733 26
11734 46
11736 27
11738 49
11743 61
11744 42
11746 42
11748 48
11750 12
11751 24
11752 60
11753 46
11754 53
11755 24
11756 9
11758 57
11762 11
11763 62
11765 10
11767 44
11768 45
11771 21
11773 21
11775 56
11787 41
11789 37
11790 4
11791 62
11793 2
11794 46
11795 1
11798 15
11801 35
11802 51
11808 2
11811 40
11812 62
11817 1
11821 0
11822 65
11825 21
11826 4
11829 36
11830 50
11831 54
11832 10
11833 12
11837 49
11841 22
11843 64
11847 22
11848 46
11850 17
11854 9
11855 44
11856 18
11858 16
11859 56
11860 44
11861 56
11862 31
11863 24
11864 16
11866 64
11867 13
11871 60
11872 48
11873 13
11876 1
11877 52
11878 52
11879 57
11883 37
11884 61
11888 24
11891 19
11892 2
11893 6
11894 18
11895 12
11896 27
11898 23
11900 45
11903 8
11904 30
11905 62
11907 56
11908 51
11909 24
11910 7
11913 9
11915 62
11916 2
11920 49
11923 44
11925 22
11930 26
11932 8
11933 13
11934 7
11935 21
11938 15
11940 46
11941 20
11945 10
11946 20
11947 20
11953 50
11954 36
11957 9
11958 37
11960 46
11961 6
11962 24
11966 28
11967 34
11968 36
11970 44
11976 30
11977 53
11978 57
11979 6
11980 28
11981 12
11982 49
11983 26
11989 44
11990 41
11993 26
11994 7
11996 45
11997 12
14012 35
14028 49
14034 4
14055 21
14069 26
14091 61
14093 41
14099 12
14103 41
14131 24
14146 4
14150 4
14154 13
14156 48
14166 26
14168 51
14177 65
14178 11
14180 28
14182 21
14199 58
14201 11
14212 46
14214 10
14220 32
14263 49
14270 35
14282 39
14285 51
14293 10
14298 7
14300 30
14310 44
14313 55
14314 11
14315 55
14316 9
14324 30
14340 3
14354 17
14376 36
14388 17
14389 49
14393 13
14394 26
14395 65
14402 9
14417 41
14418 8
14423 24
14427 51
14440 38
14469 32
14476 16
14485 21
14499 46
14504 47
14506 25
14512 10
14516 23
14517 63
14524 53
14525 23
14537 40
14539 61
14540 52
14542 24
14544 2
14545 9
14547 40
14549 51
14550 22
14551 48
14558 8
14563 9
14566 18
14569 59
14573 10
14582 24
14586 51
14587 2
14604 45
14612 31
14619 24
14622 23
14623 56
14626 22
14629 24
14630 7
14642 49
14646 34
14666 61
14672 22
14679 24
14689 3
14697 1
14715 24
14719 35
14729 7
14736 49
14739 39
14744 59
14751 56
14752 30
14755 43
14757 50
14761 9
14771 18
14783 20
14785 16
14805 29
14818 32
14826 4
14828 19
14839 32
14842 50
14843 11
14844 5
14854 21
14859 1
14860 38
14865 16
14867 32
14872 63
14873 20
14875 54
14876 26
14877 50
14881 35
14882 21
14885 32
14886 64
14888 36
14899 20
14900 35
14903 45
14904 49
14907 24
14909 64
14911 44
14912 64
14918 16
14921 2
14922 32
14923 32
14926 16
14928 58
14930 34
14932 13
14933 27
14934 41
14941 24
14943 54
14949 60
14951 55
14954 34
14957 62
14958 53
14959 49
14960 61
14962 23
14963 34
14965 34
14967 21
14968 7
14969 15
14970 41
14971 30
14974 10
14975 6
14978 2
14981 43
14982 37
14983 61
14984 6
14985 27
14986 0
14987 58
14988 46
14993 39
14995 23
14998 30
15000 9
19004 15
19006 45
19009 30
19017 8
19020 46
19022 16
19029 31
19033 58
19037 3
19041 35
19042 37
19044 35
19045 40
19048 55
19050 36
19053 33
19062 4
19065 55
19069 35
19073 39
19077 18
19079 21
19081 18
19082 18
19083 5
19087 22
19092 65
19097 38
19101 54
19113 44
19118 55
19121 16
19122 21
19127 2
19128 64
19136 24
19137 6
19142 34
19155 36
19159 13
19163 35
19167 32
19170 23
19171 19
19174 61
19178 52
19180 26
19181 64
19182 46
19191 55
19193 46
19198 16
19199 51
19202 45
19208 62
19223 43
19238 11
19240 5
19241 49
19254 41
19255 1
19256 2
19258 39
19262 5
19263 63
19267 59
19270 15
19272 45
19273 35
19280 2
19281 3
19283 9
19284 18
19285 32
19286 24
19290 35
19291 48
19293 64
19294 18
19295 55
19297 24
19304 34
19307 5
19308 31
19312 24
19318 50
19325 65
19327 50
19329 56
19331 9
19334 54
19341 49
19343 21
19344 12
19351 31
19352 2
19356 11
19357 59
19358 0
19359 62
19360 9
19364 12
19365 33
19368 60
19369 30
19371 0
19373 19
19374 31
19375 23
19377 54
19378 25
19379 48
19380 40
19381 20
19383 65
19386 22
19387 19
19406 5
19409 51
19410 30
19411 3
19412 45
19416 8
19418 18
19419 1
19420 13
19422 43
19424 52
19426 39
19427 33
19428 31
19432 64
19433 35
19435 40
19440 43
19441 22
19447 22
19448 9
19450 27
19451 29
19453 28
19458 31
19459 53
19461 50
19462 24
19463 60
19464 36
19466 59
19470 40
19471 48
19473 65
19474 30
19475 52
19478 32
19480 35
19482 18
19483 32
19487 56
19489 35
19491 4
19492 56
19499 38
19500 35
19501 21
19505 1
19506 55
19507 13
19509 20
19510 62
19511 46
19512 42
19513 42
19515 17
19529 11
19534 4
19539 35
19540 60
19545 0
19546 64
19547 55
19551 64
19556 39
19557 35
19559 56
19560 5
19561 58
19562 9
19568 18
19569 55
19571 6
19572 24
19625 16
19631 16
19635 26
19639 59
19642 51
19644 53
19645 12
19647 51
19648 27
19649 62
19650 59
19651 27
19653 38
19654 36
19655 9
19657 30
19658 62
19663 9
19664 3
19666 12
19667 30
19674 30
19675 24
19679 40
19680 23
19681 48
19683 40
19690 22
19692 19
19697 33
19699 24
19702 38
19703 9
19704 27
19706 19
19710 52
19711 45
19712 34
19713 44
19719 54
19723 13
19726 19
19727 48
19731 24
19732 36
19734 65
19737 22
19742 34
19744 44
19745 27
19748 45
19751 36
19758 39
19760 65
19761 34
19762 3
19763 12
19766 36
19767 65
19769 24
19773 24
19775 64
19780 24
19781 19
19784 25
19786 14
19787 33
19788 41
19790 57
19796 49
19799 18
19802 12
19803 27
19807 35
19808 36
19810 54
19812 30
19815 30
19823 12
19826 7
19828 3
19830 2
19831 22
19832 6
19833 24
19837 24
19839 3
19844 19
19850 63
19854 43
19856 36
19860 12
19862 61
19864 22
19865 7
19866 48
19867 50
19870 22
19872 55
19874 12
19880 24
19882 54
19887 27
19890 39
19892 9
19895 49
19900 24
19902 39
19906 12
19912 36
19913 39
19915 47
19921 55
19927 46
19930 3
19933 57
19935 22
19939 60
19943 49
19946 39
19950 9
19955 6
19957 5
19959 44
19962 48
19963 65
19964 58
19965 19
19966 33
19968 45
19975 45
19978 59
19981 9
19982 32
19983 36
19984 12
19985 38
19986 17
19989 4
19991 45
19993 64
19998 55
5001 36
5002 3
5012 48
5013 61
5015 23
5018 61
5020 15
5021 26
5029 52
5034 61
5040 54
5042 21
5043 61
5044 55
5046 30
5048 34
5050 34
5051 27
5052 18
5053 12
5054 14
5055 28
5057 35
5058 48
5059 15
5060 15
5062 21
5068 1
5070 42
5071 44
5072 30
5076 41
5077 36
5078 52
5080 24
5081 24
5082 39
5083 57
5084 53
5085 48
5086 9
5089 59
5090 34
5091 24
5092 41
5094 21
5095 23
5097 24
5100 27
5102 9
5105 28
5112 22
5113 48
5114 49
5115 32
5117 2
5118 35
5119 32
5121 22
5123 58
5125 60
5126 28
5127 46
5128 52
5132 55
5134 35
5138 35
5139 50
5141 56
5146 15
5148 10
5149 64
5154 62
5160 55
5162 60
5166 46
5167 58
5168 2
5171 2
5172 19
5175 45
5176 19
5177 36
5178 21
5183 35
5188 11
5190 60
5191 63
5192 60
5194 15
5195 45
5201 19
5203 24
5205 18
5207 8
5209 19
5210 34
5212 49
5214 20
5215 15
5216 11
5219 34
5220 18
5222 22
5223 16
5226 50
5228 3
5231 15
5234 39
5235 18
5236 20
5237 6
5238 18
5240 37
5243 35
5244 31
5245 17
5250 22
5251 42
5253 38
5254 17
5255 21
5256 31
5257 7
5258 45
5260 20
5264 21
5268 55
5269 21
5270 54
5272 24
5273 64
5274 15
5276 46
5278 65
5281 50
5283 21
5284 4
5286 60
5287 57
5288 35
5291 3
5293 13
5295 3
5296 49
5297 34
5299 6
5300 44
5303 24
5304 62
5308 53
5309 13
5312 52
5313 52
5314 27
5316 27
5317 43
5318 46
5320 55
5321 57
5323 16
5326 6
5327 27
5328 6
5329 7
5330 3
5331 22
5332 13
5334 52
5335 50
5339 23
5340 22
5342 26
5345 11
5346 7
5349 45
5350 28
5351 26
5352 39
5354 23
5355 23
5356 23
5357 22
5358 16
5359 27
5360 8
5363 39
5366 40
5367 31
5371 8
5373 10
5375 38
5376 50
5377 49
5378 8
5379 39
5382 54
5385 25
5388 21
5389 7
5390 6
5392 56
5394 11
5396 40
5398 36
5400 54
5402 51
5407 23
5408 34
5409 9
5410 15
5411 45
5414 51
5415 53
5416 53
5417 53
5421 2
5422 43
5423 44
5426 61
5429 21
5431 31
5434 15
5437 27
5438 4
5440 58
5441 39
5442 11
5443 29
5444 34
5447 0
5451 34
5452 25
5453 8
5454 37
5455 36
5456 60
5460 42
5461 43
5464 23
5465 12
5469 54
5470 41
5471 19
5472 58
5473 6
5474 54
5475 53
5476 10
5477 62
5481 10
5483 34
5485 16
5490 31
5491 46
5492 51
5494 27
5495 23
5496 23
5498 8
5499 45
5500 61
5501 61
5502 9
5505 65
5506 50
5507 35
5508 16
5511 26
5516 2
5517 2
5520 40
5522 7
5523 46
5525 1
5526 48
5528 40
5530 34
5532 59
5533 13
5535 27
5537 7
5538 41
5540 22
5541 62
5543 41
5544 23
5545 48
5546 51
5549 30
5554 38
5555 23
5556 30
5558 2
5559 35
5561 4
5563 40
5564 3
5565 28
5566 41
5567 1
5568 57
5571 29
5572 17
5573 27
5575 57
5576 23
5579 12
5582 23
5583 6
5585 24
5586 65
5592 30
5593 9
5594 31
5595 63
5596 24
5597 24
5598 39
5600 34
5602 17
5603 41
5604 9
5608 62
5609 44
5611 35
5615 12
5617 30
5620 52
5624 61
5627 7
5629 34
5632 30
5634 45
5641 9
5643 62
5644 40
5647 31
5650 61
5652 58
5654 61
5655 5
5657 47
5658 31
5659 24
5660 47
5661 9
5662 44
5663 35
5664 55
5665 23
5667 39
5669 52
5670 2
5671 36
5672 2
5675 65
5677 34
5678 51
5679 59
5680 59
5682 30
5684 37
5686 36
5687 51
5688 16
5689 62
5690 39
5692 21
5694 12
5701 13
5706 8
5707 51
5708 50
5710 35
5711 20
5712 53
5713 7
5715 1
5716 51
5717 4
5719 44
5720 9
5721 7
5722 13
5723 34
5724 39
5725 47
5727 16
5729 48
5731 34
5732 9
5734 64
5737 11
5738 23
5739 36
5740 40
5741 47
5742 26
5743 26
5744 23
5746 6
5749 43
5750 65
5751 5
5752 64
5754 45
5755 11
5756 62
5757 51
5758 53
5762 39
5764 0
5765 37
5767 4
5768 15
5769 17
5780 16
5782 20
5783 4
5787 4
5788 62
5789 1
5792 64
5793 39
5796 46
5797 15
5798 15
5800 55
5803 15
5804 56
5805 37
5807 58
5808 19
5810 35
5815 43
5818 55
5819 38
5822 30
5826 6
5827 19
5830 21
5833 32
5835 20
5838 17
5839 18
5842 18
5845 17
5848 18
5849 18
5850 35
5854 55
5858 56
5868 45
5870 1
5873 12
5875 9
5876 22
5879 32
5880 3
5883 37
5886 18
5887 11
5888 33
5889 63
5894 61
5895 50
5898 53
5899 13
5900 57
5901 30
5902 1
5905 42
5906 34
5908 35
5909 42
5910 22
5911 23
5912 41
5913 41
5914 28
5915 2
5919 2
5922 59
5925 52
5926 27
5930 30
5931 30
5932 41
5934 48
5935 12
5937 12
5938 40
5945 16
5946 37
5947 3
5949 24
5950 34
5951 51
5954 46
5955 2
5957 64
5958 6
5960 51
5964 8
5965 31
5967 34
5968 27
5969 23
5972 32
5973 46
5974 22
5975 40
5976 43
5977 24
5980 17
5982 30
5984 34
5985 37
5986 13
5991 23
5993 57
5994 61
5998 46
6000 38
21003 39
21007 2
21012 63
21014 28
21016 47
21017 33
21018 48
21019 35
21022 30
21023 5
21028 33
21030 36
21031 58
21032 43
21034 33
21036 23
21037 61
21038 30
21039 13
21040 39
21041 40
21042 28
21044 61
21045 47
21046 2
21047 27
21049 33
21050 62
21051 2
21053 33
21055 33
21059 39
21060 9
21061 65
21063 39
21065 13
21067 6
21071 4
21073 11
21076 64
21077 27
21078 44
21081 52
21093 60
21095 14
21096 38
21097 39
21100 53
21103 51
21105 53
21106 33
21109 33
21112 33
21113 33
21114 14
21117 33
21122 55
21123 11
21124 42
21128 38
21129 13
21130 32
21131 58
21132 41
21133 22
21134 48
21135 30
21136 57
21138 32
21140 39
21142 33
21143 13
21146 27
21148 33
21151 0
21163 64
21164 28
21165 53
21166 43
21168 46
21173 28
21175 28
21176 43
21177 54
21178 23
21179 33
21181 28
21182 34
21187 58
21189 33
21190 28
21191 37
21192 47
21193 33
21194 30
21195 33
21196 33
21197 50
21199 59
21201 44
21202 35
21203 30
21205 14
21206 61
21207 21
21208 43
21209 25
21210 2
21211 14
21214 33
21215 51
21218 14
21219 33
21221 25
21222 27
21224 47
21227 33
21228 44
21230 39
21232 47
21233 25
21234 30
21236 57
21237 33
21238 47
21240 17
21242 63
21244 33
21245 38
21248 30
21251 40
21252 51
21253 12
21254 30
21255 61
21256 14
21257 51
21259 33
21260 33
21261 24
21262 14
21264 33
21265 28
21266 53
21267 42
21271 41
21272 33
21274 15
21275 27
21277 45
21278 60
21281 14
21282 46
21283 59
21285 0
21286 33
21287 39
21291 2
21292 2
21293 5
21295 51
21297 24
21298 28
21300 30
21301 24
21302 33
21303 64
21307 58
21308 43
21315 25
21318 9
21319 43
21321 17
21322 52
21323 50
21324 33
21325 33
21330 33
21331 16
21333 2
21336 33
21337 53
21339 46
21342 46
21343 21
21346 59
21350 14
21352 33
21354 63
21356 14
21357 64
21358 36
21359 33
21360 30
21362 52
21363 6
21369 5
21371 2
21372 47
21373 33
21375 54
21376 41
21378 25
21380 42
21382 2
21385 33
21386 23
21387 3
21388 25
21391 50
21393 26
21394 9
21401 12
21403 27
21404 36
21405 33
21406 33
21408 56
21410 54
21411 51
21412 27
21413 30
21414 14
21415 53
21416 33
21419 65
21421 55
21423 18
21427 29
21429 51
21430 43
21431 33
21435 33
21436 33
21437 33
21440 4
21441 47
21447 31
21448 47
21451 27
21453 14
21454 2
21455 43
21460 33
21462 36
21465 45
21466 22
21469 24
21473 56
21474 14
21477 64
21478 39
21479 53
21480 33
21484 64
21488 30
21489 33
21490 33
21491 29
21501 64
21502 45
21503 16
21512 60
21517 35
21519 1
21521 39
21523 65
21532 55
21536 1
21538 16
21539 50
21541 11
21550 62
21551 18
21553 17
21555 39
21556 1
21557 19
21562 16
21565 4
21567 3
21568 56
21571 22
21574 5
21575 37
21576 19
15001 12
15002 27
15004 39
15005 48
15006 30
15011 18
15012 48
15013 4
15016 31
15017 39
15020 2
15023 53
15024 11
15026 30
15027 52
15028 28
15029 12
15031 12
15032 13
15037 40
15038 4
15045 37
15048 58
15049 46
15052 24
15053 61
15055 9
15056 51
15060 62
15061 12
15062 34
15065 23
15067 43
15069 45
15070 34
15074 34
15077 13
15078 48
15079 47
15082 57
15090 52
15091 45
15092 21
15093 12
15094 43
15095 32
15096 10
15103 32
15104 27
15107 56
15109 30
15110 65
15111 12
15112 5
15118 13
15119 39
15120 26
15121 44
15122 36
15124 45
15126 61
15128 2
15130 53
15136 28
15138 45
15141 30
15144 27
15145 33
15146 3
15149 22
15152 23
15153 37
15154 32
15156 60
15157 9
15161 35
15162 1
15171 50
15172 34
15175 28
15179 46
15180 27
15185 59
15188 34
15189 31
15190 30
15193 48
15194 21
15197 41
15198 1
15200 64
15204 13
15205 53
15206 32
15207 43
15208 57
15210 24
15211 61
15213 37
15217 1
15219 58
15220 1
15221 34
15222 0
15223 35
15226 0
15227 6
15230 1
15233 27
15234 60
15237 47
15239 58
15240 6
15242 55
15243 53
15244 32
15246 0
15247 43
15250 44
15253 1
15255 65
15258 9
15259 34
15263 57
15264 49
15265 23
15270 59
15274 11
15276 56
15278 24
15280 7
15281 60
15283 11
15292 26
15294 65
15295 43
15296 9
15299 26
15300 7
15302 32
15303 5
15306 36
15307 28
15308 49
15309 15
15310 10
15311 51
15312 41
15314 49
15315 25
15321 27
15324 11
15325 29
15326 30
15327 34
15329 4
15335 39
15336 34
15337 40
15345 26
15348 61
15349 60
15352 46
15354 23
15356 61
15357 5
15359 57
15363 19
15365 16
15366 49
15368 49
15379 30
15380 6
15383 37
15384 4
15386 56
15387 0
15389 21
15391 59
15394 58
15396 11
15397 0
15400 50
15404 49
15406 6
15409 55
15410 9
15411 35
15413 36
15415 4
15416 10
15417 56
15421 22
15424 54
15425 62
15427 38
15428 15
15429 42
15430 17
15432 35
15438 44
15446 50
15447 35
15448 0
15450 46
15451 56
15453 45
15454 8
15455 35
15457 57
15459 59
15462 16
15464 40
15467 51
15468 20
15471 6
15476 61
15477 31
15478 62
15479 13
15481 3
15482 61
15483 58
15484 19
15485 26
15487 0
15489 30
15494 11
15495 52
15496 30
15501 21
15503 50
15504 24
15510 16
15511 47
15515 61
15521 61
15523 0
15527 56
15528 11
15535 43
15540 65
15542 35
15543 32
15544 2
15545 4
15547 40
15548 14
15550 46
15551 32
15553 2
15556 11
15558 14
15559 11
15560 55
15561 25
15562 60
15563 18
15565 36
15566 34
15568 24
15569 49
15570 25
15571 54
15573 31
15575 45
15578 10
15579 55
15580 1
15581 1
15583 15
15584 3
15585 49
15590 23
15591 13
15593 49
15594 53
15595 24
15596 44
15597 51
15598 56
15600 24
15601 41
15602 37
15603 55
15605 3
15607 32
15610 1
15613 48
15616 39
15617 50
15620 4
15621 4
15623 16
15624 29
15626 28
15629 5
15632 27
15634 29
15636 39
15637 44
15639 49
15640 30
15641 39
15643 19
15651 21
15653 35
15655 9
15656 0
15664 65
15666 32
15667 53
15668 23
15669 43
15672 44
15674 49
15675 6
15679 28
15680 53
15682 12
15688 7
15691 6
15692 61
15694 56
15695 57
15698 24
15702 41
15703 11
15704 28
15707 44
15708 51
15709 7
15713 40
15715 37
15717 13
15719 30
15723 33
15729 30
15732 48
15733 51
15736 6
15739 24
15742 42
15749 16
15753 23
15757 44
15759 9
15762 11
15767 16
15768 42
15769 27
15772 53
15777 43
15778 13
15780 9
15782 61
15785 49
15790 23
15793 21
15797 34
15800 43
15801 62
15803 19
15804 5
15805 0
15807 59
15808 26
15810 28
15811 32
15816 16
15817 4
15819 27
15821 52
15822 52
15823 43
15829 5
15831 56
15832 53
15833 43
15834 52
15838 64
15840 56
15841 42
15842 38
15844 18
15846 16
15847 11
15851 27
15852 31
15854 11
15855 54
15858 41
15859 4
15861 40
15867 29
15872 4
15876 20
15878 62
15879 2
15881 53
15885 22
15886 61
15888 23
15889 42
15892 6
15894 60
15896 30
15897 44
15898 13
15899 23
15900 22
15901 40
15902 13
15908 41
15909 59
15912 45
15913 29
15914 8
15918 9
15920 36
15924 29
15925 62
15929 24
15930 9
15932 9
15933 9
15934 40
15937 27
15939 56
15944 41
15949 0
15950 18
15951 37
15956 3
15959 22
15960 31
15961 9
15963 51
15964 13
15967 0
15968 17
15969 59
15970 48
15973 1
15976 20
15977 8
15978 42
15979 48
15980 34
15981 53
15984 57
15985 53
15987 15
15988 48
15989 31
15993 13
15995 5
15996 16
15997 64
8001 27
8002 36
8005 28
8007 26
8010 22
8011 21
8012 13
8015 49
8016 9
8017 41
8020 21
8021 19
8022 29
8023 13
8026 34
8027 27
8028 41
8029 19
8030 7
8032 59
8036 14
8039 31
8040 2
8044 35
8045 48
8047 30
8048 43
8050 1
8051 26
8055 51
8056 14
8060 8
8063 11
8064 5
8068 64
8069 64
8074 38
8080 58
8085 5
8086 35
8087 9
8088 20
8089 1
8091 6
8094 56
8096 26
8098 6
8102 58
8103 46
8105 19
8106 64
8108 17
8109 35
8113 55
8114 32
8115 62
8117 54
8119 32
8120 15
8123 32
8125 34
8126 6
8130 39
8131 50
8134 32
8137 16
8138 38
8141 50
8144 20
8151 60
8155 26
8160 48
8162 56
8163 42
8167 45
8172 20
8176 45
8177 65
8178 37
8180 8
8184 10
8186 58
8190 8
8193 1
8197 19
8198 58
8199 21
8204 64
8205 62
8206 64
8209 42
8211 46
8212 16
8214 50
8217 13
8218 21
8219 57
8220 62
8221 44
8222 65
8223 27
8224 60
8225 32
8226 30
8227 26
8229 52
8234 32
8236 27
8240 45
8244 32
8245 17
8246 6
8252 1
8253 21
8254 48
8255 22
8258 22
8259 2
8262 59
8264 36
8269 7
8270 27
8275 30
8276 51
8279 3
8286 23
8287 9
8289 59
8291 33
8292 61
8293 39
8294 51
8296 43
8297 51
8298 48
8300 43
8302 46
8306 65
8308 45
8309 64
8311 6
8313 30
8314 5
8317 53
8318 61
8320 9
8322 44
8326 16
8327 36
8331 54
8334 31
8335 43
8337 23
8338 61
8339 34
8340 23
8342 65
8343 0
8344 21
8347 18
8349 2
8350 52
8351 36
8353 22
8355 49
8359 4
8361 49
8363 29
8364 23
8366 61
8367 13
8368 62
8370 49
8373 2
8374 50
8378 14
8387 64
8388 28
8391 53
8394 43
8396 45
8399 41
8401 21
8402 54
8405 1
8406 62
8407 23
8409 17
8415 11
8416 39
8422 36
8424 43
8425 26
8426 13
8427 55
8428 3
8429 16
8430 24
8432 62
8433 36
8435 21
8438 6
8441 22
8447 41
8448 41
8449 19
8451 15
8453 6
8454 13
8457 30
8458 41
8467 24
8472 13
8475 7
8478 55
8479 40
8480 9
8481 41
8487 31
8488 27
8489 53
8490 13
8491 26
8493 46
8496 65
8497 45
8501 9
8502 44
8506 6
8509 29
8510 29
8512 6
8513 29
8514 40
8518 65
8520 27
8521 43
8526 13
8528 27
8530 41
8533 2
8534 8
8536 65
8540 30
8541 11
8543 12
8544 39
8545 9
8546 24
8547 21
8553 21
8554 46
8555 9
8556 9
8558 36
8559 63
8562 7
8563 45
8565 52
8567 24
8569 26
8571 24
8572 24
8577 27
8578 21
8579 53
8580 43
8581 30
8582 27
8585 37
8586 23
8587 46
8588 54
8592 50
8595 15
8598 64
8599 64
8602 50
8603 8
8605 45
8606 35
8607 50
8608 50
8609 15
8610 38
8611 9
8612 17
8613 4
8614 29
8615 45
8616 31
8617 5
8618 15
8619 59
8623 10
8624 20
8628 2
8629 15
8632 0
8635 1
8636 46
8637 60
8638 4
8641 54
8643 15
8644 41
8654 18
8656 35
8658 35
8661 16
8662 35
8663 2
8665 17
8666 62
8667 56
8668 7
8670 58
8672 1
8673 20
8674 45
8676 35
8677 0
8678 20
8681 22
8683 56
8684 16
8685 4
8686 64
8688 64
8689 39
8690 36
8691 45
8692 58
8696 4
8699 50
8701 16
8702 57
8704 24
8705 6
8706 15
8707 55
8708 28
8709 10
8710 1
8711 2
8713 40
8716 48
8717 29
8722 33
8724 41
8725 58
8726 10
8728 0
8730 26
8731 41
8732 44
8733 44
8734 51
8736 37
8738 59
8740 27
8741 57
8742 28
8745 34
8747 50
8748 21
8750 23
8755 5
8756 64
8757 3
8758 32
8760 8
8761 4
8765 8
8767 17
8768 24
8771 48
8777 51
8778 65
8780 13
8781 9
8784 47
8785 51
8788 11
8791 51
8793 33
8794 41
8796 60
8797 48
8799 9
8802 46
8806 0
8808 51
8810 15
8814 34
8822 2
8823 2
8826 7
8829 21
8830 37
8835 46
8836 45
8837 11
8845 32
8846 49
8849 13
8850 19
8853 12
8855 39
8857 56
8858 30
8859 30
8860 23
8861 44
8863 40
8865 64
8866 44
8868 23
8873 11
8879 17
8880 48
8890 14
8892 41
8893 53
8895 54
8898 41
8899 59
8903 56
8905 51
8906 62
8908 7
8909 54
8911 35
8912 49
8914 2
8915 30
8916 51
8918 4
8919 12
8925 14
8928 41
8930 51
8932 30
8933 60
8935 59
8940 54
8943 44
8944 22
8945 12
8946 30
8947 60
8948 6
8951 55
8956 30
8961 4
8962 45
8965 27
8968 7
8969 61
8970 34
8972 51
8975 13
8976 53
8977 12
8978 39
8979 28
8981 53
8982 46
8984 50
8985 31
8986 34
8987 62
8991 35
8992 44
8995 28
8996 12
8997 59
8998 65
8999 43
13003 62
13005 49
13006 51
13007 46
13008 21
13010 15
13011 2
13014 26
13019 42
13021 45
13023 65
13024 32
13025 41
13026 30
13027 53
13031 27
13032 51
13036 37
13037 13
13039 1
13041 12
13043 39
13045 58
13046 62
13052 11
13053 4
13054 9
13056 25
13059 49
13060 36
13062 30
13064 34
13067 49
13070 42
13072 64
13077 12
13078 53
13085 65
13089 40
13090 46
13092 41
13093 51
13095 2
13096 55
13103 49
13105 19
13110 23
13113 57
13114 41
13115 3
13116 16
13118 30
13119 16
13122 28
13124 36
13126 9
13131 7
13136 57
13138 9
13139 49
13141 63
13142 46
13143 8
13144 64
13151 3
13157 50
13159 15
13163 65
13165 43
13168 60
13170 35
13172 17
13174 65
13175 49
13180 45
13182 49
13184 1
13185 20
13186 11
13187 51
13188 62
13189 56
13190 55
13191 16
13192 26
13194 65
13195 13
13196 1
13197 2
13199 45
13200 46
13201 49
13203 53
13204 7
13205 36
13206 0
13210 26
13211 49
13212 44
13214 27
13223 7
13224 7
13225 19
13230 10
13231 42
13232 31
13236 15
13237 16
13238 46
13242 36
13243 19
13244 45
13245 7
13247 58
13251 34
13255 0
13256 0
13258 37
13261 1
13262 6
13263 36
13265 60
13266 8
13269 6
13270 58
13271 4
13274 18
13275 60
13276 55
13279 35
13280 39
13281 54
13282 17
13284 8
13285 38
13286 55
13287 3
13288 0
13290 20
13291 37
13292 37
13317 42
13320 65
13321 55
13333 0
13336 15
13393 62
13398 31
13404 19
13435 34
13458 11
13462 65
13468 15
13471 8
13482 46
13507 35
13530 0
13532 1
13539 0
13543 20
13552 20
13559 15
13611 17
13615 61
13633 55
13649 46
13656 51
13688 64
13694 16
13695 27
13702 62
13704 49
13708 26
13709 23
13710 42
13711 51
13714 40
13715 57
13717 30
13721 7
13735 4
13739 20
13753 24
13757 59
13775 39
13787 48
13790 65
13834 29
13836 46
13842 10
13849 55
13854 23
13870 13
13874 62
13889 55
13890 52
13900 16
13904 48
13908 58
13946 64
13950 19
13958 50
13966 19
3001 42
3003 48
3006 10
3007 46
3008 26
3009 59
3010 64
3013 39
3016 42
3023 3
3025 50
3026 14
3028 60
3034 58
3035 64
3036 39
3037 56
3038 49
3039 30
3040 5
3041 4
3042 48
3043 46
3046 49
3047 12
3048 45
3049 15
3051 64
3053 17
3056 49
3061 36
3062 2
3063 65
3067 20
3069 24
3071 65
3072 48
3073 31
3074 46
3077 48
3078 55
3080 3
3083 54
3085 22
3086 3
3087 20
3088 20
3089 2
3091 6
3092 56
3093 12
3094 64
3095 2
3096 2
3098 50
3100 36
3103 16
3104 32
3105 46
3107 45
3109 19
3110 11
3111 29
3114 64
3115 33
3117 37
3118 6
3122 46
3125 35
3128 55
3129 62
3131 16
3133 8
3134 8
3139 45
3142 6
3146 55
3149 35
3152 45
3153 62
3154 60
3155 60
3157 45
3159 10
3161 31
3162 8
3163 8
3166 35
3168 54
3176 62
3180 24
3181 42
3183 0
3184 44
3186 6
3187 1
3189 1
3190 42
3192 4
3194 51
3198 9
3199 15
3204 45
3205 3
3207 42
3210 47
3211 18
3216 24
3217 5
3219 56
3222 8
3223 8
3225 0
3228 3
3229 65
3235 54
3239 0
3241 6
3243 57
3247 59
3249 11
3251 3
3252 13
3253 55
3254 51
3256 62
3258 36
3259 22
3261 40
3263 9
3264 58
3266 29
3269 21
3271 10
3273 20
3275 9
3276 24
3277 9
3285 10
3287 40
3290 9
3295 12
3298 26
3302 51
3303 46
3305 0
3309 54
3311 18
3312 42
3313 24
3315 1
3317 7
3320 44
3322 19
3327 65
3329 3
3332 55
3333 18
3336 15
3339 3
3340 64
3341 20
3342 60
3343 31
3344 21
3345 9
3347 1
3348 18
3349 49
3351 32
3352 58
3353 18
3354 16
3356 62
3359 61
3360 42
3363 2
3364 35
3365 0
3367 39
3370 58
3371 16
3372 4
3377 9
3378 24
3380 65
3381 36
3382 13
3384 62
3387 22
3389 16
3390 5
3394 29
3395 36
3396 37
3399 49
3400 22
3405 1
3406 60
3409 49
3413 60
3415 50
3416 59
3417 5
3418 11
3420 21
3422 49
3425 40
3430 29
3433 58
3435 19
3438 4
3440 64
3441 38
3442 49
3446 20
3448 58
3449 32
3452 4
3455 58
3456 48
3459 50
3460 54
3461 64
3463 17
3466 1
3468 43
3469 50
3472 18
3473 64
3474 7
3476 15
3477 7
3480 57
3481 15
3482 0
3483 19
3486 51
3488 10
3490 21
3491 65
3492 35
3504 0
3505 4
3507 46
3509 64
3511 1
3514 4
3517 57
3520 37
3526 39
3528 55
3531 14
3533 1
3534 46
3538 20
3539 55
3541 8
3542 35
3543 23
3545 61
3547 49
3553 32
3554 16
3556 46
3557 53
3559 54
3563 56
3564 21
3565 36
3569 53
3570 4
3571 55
3572 45
3573 39
3575 49
3577 65
3578 41
3579 26
3580 9
3582 52
3584 16
3585 28
3586 55
3587 24
3589 65
3591 3
3592 24
3594 32
3596 45
3597 11
3598 9
3599 3
3601 48
3602 59
3603 9
3604 43
3605 51
3607 65
3609 55
3611 56
3612 20
3616 20
3619 26
3620 9
3621 0
3622 49
3623 40
3624 30
3625 57
3626 41
3629 53
3630 20
3631 61
3632 49
3633 1
3634 61
3637 57
3639 11
3640 16
3643 9
3645 1
3647 7
3649 59
3651 7
3652 13
3660 13
3661 18
3667 33
3668 23
3669 27
3672 14
3673 40
3674 13
3676 28
3680 39
3681 30
3684 23
3688 17
3694 56
3695 41
3697 23
3699 22
3701 55
3702 1
3704 16
3707 49
3708 37
3711 4
3713 23
3717 15
3720 15
3721 28
3723 15
3729 56
3730 30
3734 9
3735 44
3738 57
3740 34
3741 50
3742 11
3743 45
3744 19
3747 3
3748 62
3750 7
3751 7
3755 33
3757 13
3758 56
3759 36
3760 57
3762 15
3763 13
3764 41
3765 7
3766 11
3768 41
3770 50
3771 26
3772 48
3774 48
3775 24
3777 6
3779 21
3782 41
3784 53
3785 14
3786 52
3787 41
3788 7
3790 54
3792 2
3793 64
3795 3
3796 35
3797 60
3800 21
3801 63
3806 27
3807 26
3808 7
3817 41
3821 24
3825 20
3828 48
3830 60
3831 40
3833 44
3838 19
3839 13
3840 52
3841 49
3843 49
3846 44
3850 27
3851 28
3853 48
3856 3
3857 22
3858 9
3860 43
3864 6
3865 37
3867 14
3870 61
3872 51
3873 24
3874 57
3875 51
3879 9
3884 26
3886 49
3888 46
3890 11
3892 64
3893 40
3894 61
3895 41
3898 42
3899 11
3900 28
3902 10
3903 53
3905 57
3908 59
3909 52
3910 2
3912 49
3916 34
3917 48
3918 39
3920 3
3922 30
3926 12
3928 45
3930 10
3931 41
3933 37
3934 62
3937 2
3939 24
3944 25
3946 52
3948 3
3951 29
3952 7
3954 52
3957 10
3958 25
3959 55
3960 2
3961 9
3964 2
3968 5
3970 2
3971 28
3973 45
3976 16
3977 11
3980 21
3982 50
3983 55
3984 62
3985 5
3989 43
3990 13
3991 62
3993 47
3994 30
3996 17
3997 29
3999 0
4000 43
1003 23
1007 41
1009 30
1010 57
1011 28
1013 26
1015 40
1016 31
1017 27
1019 21
1020 19
1022 46
1023 50
1024 46
1029 44
1030 1
1032 36
1033 23
1035 15
1036 15
1039 44
1040 15
1044 51
1047 1
1049 15
1050 31
1052 40
1058 8
1059 31
1063 61
1065 9
1066 44
1068 16
1070 34
1071 57
1072 1
1074 22
1076 7
1077 19
1078 3
1079 51
1080 53
1082 54
1084 52
1085 55
1087 34
1088 20
1090 9
1091 34
1096 59
1099 65
1100 18
1101 52
1102 16
1103 49
1104 24
1105 16
1108 25
1109 31
1111 47
1117 9
1118 40
1120 38
1122 63
1123 1
1124 31
1125 29
1128 43
1134 53
1135 26
1137 59
1138 52
1147 15
1148 64
1152 17
1153 65
1156 36
1157 53
1158 42
1159 2
1160 27
1164 36
1167 38
1169 26
1170 7
1173 57
1174 15
1176 59
1177 27
1178 23
1181 23
1182 37
1184 17
1188 15
1191 53
1192 53
1193 44
1197 50
1198 52
1199 50
1200 28
1201 54
1203 24
1205 25
1207 35
1208 7
1209 45
1210 5
1211 6
1212 35
1213 3
1216 4
1217 49
1220 2
1225 57
1226 35
1228 39
1229 43
1234 51
1238 9
1239 51
1243 13
1244 9
1245 52
1246 11
1251 14
1252 6
1258 43
1260 21
1263 44
1264 34
1265 43
1269 37
1271 30
1272 49
1276 62
1277 26
1280 49
1283 7
1284 33
1285 25
1287 9
1288 27
1291 22
1292 36
1293 37
1298 51
1299 0
1300 45
1301 43
1303 22
1306 56
1308 20
1311 30
1312 45
1313 29
1314 30
1315 63
1316 24
1317 48
1320 61
1322 22
1324 65
1326 51
1327 33
1328 17
1331 10
1332 4
1335 39
1339 31
1340 65
1341 7
1342 57
1343 0
1344 43
1345 57
1347 42
1350 19
1351 26
1354 19
1355 23
1356 35
1359 49
1360 9
1361 6
1363 51
1364 53
1366 61
1367 57
1375 23
1378 49
1379 45
1381 23
1382 51
1384 57
1387 63
1391 23
1404 34
1406 45
1407 55
1409 8
1412 36
1414 21
1420 28
1425 40
1427 6
1428 59
1429 2
1433 57
1434 44
1435 34
1436 0
1438 53
1440 32
1444 16
1445 27
1446 28
1449 61
1452 23
1456 19
1457 15
1460 52
1461 34
1466 14
1467 27
1469 28
1471 51
1477 58
1478 46
1480 24
1483 56
1488 40
1492 27
1493 44
1494 61
1496 41
1497 22
1498 65
1499 65
1500 13
1502 6
1506 39
1508 27
1512 24
1519 10
1520 58
1521 0
1524 53
1525 26
1526 29
1527 27
1528 61
1529 61
1532 30
1535 11
1536 51
1537 54
1541 53
1543 23
1545 51
1546 9
1550 56
1554 41
1555 51
1562 2
1563 2
1564 53
1566 23
1567 26
1568 41
1569 30
1571 65
1572 21
1575 40
1577 22
1579 62
1581 59
1584 3
1585 34
1586 26
1588 28
1598 32
1601 49
1602 28
1606 39
1608 28
1610 53
1616 26
1619 51
1620 7
1622 9
1623 20
1626 49
1628 44
1631 35
1633 30
1634 39
1638 14
1639 23
1642 61
1643 23
1644 53
1648 9
1649 13
1650 28
1651 13
1653 51
1655 27
1656 55
1657 24
1658 53
1659 24
1665 40
1666 13
1667 49
1673 24
1675 60
1676 12
1677 28
1678 62
1679 62
1680 23
1681 18
1682 2
1684 65
1686 58
1688 44
1689 41
1692 10
1693 11
1694 24
1696 16
1706 52
1708 51
1711 58
1714 7
1715 45
1716 9
1718 21
1719 1
1722 43
1723 65
1727 30
1729 65
1731 56
1732 55
1734 14
1735 2
1739 40
1740 9
1741 49
1747 11
1751 11
1752 23
1759 23
1760 9
1761 64
1763 26
1764 52
1765 51
1767 51
1768 53
1769 51
1771 39
1773 42
1783 12
1785 16
1787 36
1789 21
1790 13
1794 57
1797 57
1798 22
1799 46
1801 3
1803 28
1808 5
1809 64
1814 22
1815 21
1816 12
1820 26
1824 57
1832 11
1835 44
1836 40
1837 52
1839 55
1842 60
1845 58
1846 27
1847 13
1848 45
1849 23
1853 53
1855 50
1858 21
1861 27
1862 2
1863 50
1871 35
1872 26
1873 7
1875 6
1877 11
1880 50
1885 56
1886 24
1889 19
1897 46
1898 20
1902 64
1909 10
1910 6
1912 18
1913 19
1916 35
1917 18
1918 54
1919 20
1920 5
1924 31
1929 7
1932 9
1933 55
1934 54
1946 32
1948 30
1949 11
1951 35
1959 56
1960 35
1963 19
1965 16
1966 50
1971 55
1975 32
1983 55
1987 36
1989 45
1990 16
1994 36
1995 15
1996 39
2000 16
9003 27
9010 29
9012 8
9014 19
9015 64
9020 36
9025 36
9027 22
9029 34
9030 24
9031 50
9032 36
9033 60
9034 53
9040 51
9041 2
9044 52
9045 13
9047 24
9048 8
9049 61
9051 45
9053 57
9056 40
9059 13
9064 29
9065 65
9066 28
9067 54
9068 62
9069 64
9072 28
9073 56
9074 57
9075 39
9076 50
9081 44
9087 49
9088 9
9090 44
9091 23
9097 43
9098 36
9100 2
9101 11
9102 2
9103 30
9104 42
9107 31
9108 11
9110 24
9111 33
9113 52
9115 6
9116 26
9117 51
9124 16
9127 26
9131 4
9132 64
9133 20
9134 29
9135 15
9137 50
9139 16
9142 18
9146 10
9147 60
9152 46
9155 62
9156 26
9158 48
9159 42
9160 41
9161 19
9163 46
9165 18
9171 8
9172 35
9175 21
9177 51
9178 42
9181 19
9182 11
9184 21
9187 51
9189 30
9190 6
9192 51
9194 35
9196 37
9197 4
9201 2
9202 31
9203 64
9204 65
9205 36
9206 6
9207 54
9208 45
9210 6
9217 46
9218 50
9220 19
9229 51
9230 2
9231 53
9232 65
9234 44
9235 27
9237 59
9238 51
9239 40
9240 48
9242 48
9243 0
9246 55
9250 27
9252 16
9253 65
9255 41
9258 18
9259 12
9260 41
9263 41
9264 45
9265 0
9266 49
9267 52
9268 40
9270 53
9271 12
9272 7
9273 52
9274 53
9277 62
9278 41
9279 11
9280 16
9283 5
9284 9
9285 42
9287 57
9288 39
9290 64
9293 35
9294 38
9296 3
9299 56
9301 30
9302 24
9304 8
9305 55
9306 51
9308 35
9311 29
9312 14
9313 48
9314 4
9315 58
9316 30
9324 49
9326 21
9328 21
9330 21
9332 22
9333 59
9334 43
9335 12
9336 0
9337 21
9338 2
9339 59
9343 36
9345 24
9346 34
9348 4
9349 3
9352 54
9354 7
9356 1
9357 45
9363 3
9364 43
9365 3
9366 59
9369 51
9371 26
9372 63
9373 11
9374 5
9378 53
9381 6
9382 25
9383 9
9385 51
9388 44
9389 30
9392 40
9393 56
9397 62
9398 64
9399 30
9403 11
9405 41
9408 46
9410 44
9412 58
9413 22
9414 13
9415 58
9417 41
9422 51
9423 39
9425 27
9426 2
9427 30
9428 31
9429 59
9431 39
9432 3
9433 42
9434 2
9435 60
9437 65
9438 12
9441 52
9443 36
9444 43
9445 46
9450 54
9453 11
9454 62
9463 31
9465 40
9469 10
9472 44
9473 5
9475 52
9477 43
9478 41
9479 56
9484 44
9486 53
9487 24
9488 43
9489 15
9493 46
9497 48
9499 11
9502 23
9503 52
9505 40
9509 35
9510 24
9511 59
9515 4
9519 30
9525 43
9526 24
9527 54
9530 7
9531 9
9532 58
9534 64
9535 10
9538 6
9539 45
9543 11
9544 36
9547 26
9549 62
9550 35
9551 51
9554 64
9556 43
9557 12
9558 52
9559 35
9560 19
9561 24
9562 30
9563 11
9565 58
9566 28
9570 9
9572 51
9573 10
9576 59
9577 7
9578 23
9580 41
9582 44
9587 43
9588 9
9590 6
9597 2
9598 61
9599 33
9600 20
9603 58
9604 2
9605 30
9606 61
9607 36
9608 22
9610 52
9611 31
9612 22
9613 51
9615 8
9618 7
9619 48
9625 34
9626 58
9628 58
9635 19
9637 45
9638 4
9640 63
9641 6
9642 24
9644 24
9647 51
9652 27
9654 5
9657 64
9661 45
9668 62
9671 52
9674 4
9675 0
9677 24
9678 30
9680 50
9681 55
9682 7
9686 50
9689 58
9697 8
9699 5
9700 16
9704 58
9706 16
9707 51
9712 35
9720 10
9723 17
9727 58
9728 51
9731 56
9733 46
9734 11
9735 0
9736 16
9737 0
9738 54
9741 11
9742 55
9744 43
9745 16
9746 5
9747 8
9748 0
9752 10
9755 50
9760 21
9761 11
9763 58
9764 58
9767 18
9769 16
9771 21
9772 0
9777 46
9779 36
9781 38
9787 16
9792 38
9795 35
9797 55
9799 42
9804 62
9805 18
9807 15
9809 9
9810 30
9812 8
9814 2
9815 34
9818 41
9822 56
9823 5
9824 37
9825 27
9827 28
9829 15
9833 54
9834 8
9837 27
9839 14
9841 6
9844 24
9847 35
9850 49
9851 38
9852 58
9853 32
9857 32
9858 36
9860 53
9861 37
9866 56
9867 20
9868 11
9869 27
9872 13
9874 0
9875 24
9878 51
9880 0
9884 13
9891 24
9892 3
9893 9
9894 30
9896 23
9901 48
9902 44
9903 11
9904 9
9905 18
9906 3
9907 54
9909 21
9912 60
9914 25
9915 45
9918 2
9920 65
9923 46
9925 24
9926 6
9927 31
9928 2
9929 3
9930 61
9933 35
9934 1
9936 26
9937 53
9939 15
9940 31
9941 58
9942 6
9943 46
9952 16
9953 65
9954 60
9955 58
9956 6
9959 7
9961 28
9963 30
9964 34
9965 48
9967 4
9970 43
9971 5
9972 42
9973 34
9974 16
9975 54
9976 54
9977 4
9978 13
9981 22
9982 35
9984 24
9985 59
9988 0
9992 41
9993 57
9994 23
9995 51
10000 26
2001 21
2004 15
2005 25
2006 50
2010 37
2012 49
2013 19
2016 52
2020 7
2024 24
2025 55
2026 41
2027 22
2028 61
2029 52
2033 53
2035 53
2039 54
2042 27
2046 29
2047 43
2048 43
2049 40
2054 45
2055 61
2056 19
2064 19
2065 9
2067 39
2073 19
2079 49
2080 53
2089 51
2092 34
2097 2
2098 42
2099 43
2101 53
2102 49
2107 40
2108 49
2109 51
2110 31
2112 31
2114 39
2115 54
2116 24
2118 11
2121 38
2122 30
2126 26
2128 36
2130 44
2133 52
2136 34
2137 22
2148 61
2149 15
2151 13
2153 28
2154 22
2155 50
2157 61
2159 40
2163 9
2166 27
2167 23
2168 55
2173 47
2174 20
2175 4
2176 32
2182 34
2188 34
2194 61
2196 19
2198 49
2202 19
2203 37
2205 43
2206 56
2207 3
2211 7
2212 47
2213 7
2216 41
2219 2
2220 36
2221 53
2224 44
2225 2
2227 52
2228 35
2230 48
2231 6
2234 41
2236 57
2237 12
2238 49
2239 46
2240 9
2244 41
2246 55
2247 11
2249 28
2251 3
2252 14
2253 34
2257 4
2259 22
2260 7
2265 29
2266 59
2268 53
2269 20
2270 23
2271 22
2273 7
2275 52
2276 53
2279 51
2281 56
2291 24
2297 22
2298 23
2301 13
2303 7
2304 61
2307 19
2308 51
2309 53
2310 50
2312 14
2316 52
2320 30
2322 40
2323 13
2325 39
2326 60
2332 22
2333 43
2335 27
2336 46
2337 61
2338 48
2339 9
2340 51
2342 52
2344 13
2346 7
2347 51
2348 51
2350 23
2353 57
2357 51
2358 46
2365 19
2366 44
2370 33
2371 6
2374 32
2375 40
2376 45
2377 6
2379 48
2380 26
2383 55
2385 26
2386 28
2390 20
2391 51
2393 52
2394 54
2396 7
2397 9
2398 51
2402 31
2403 31
2405 11
2409 23
2410 24
2411 53
2417 54
2419 53
2421 28
2428 11
2429 62
2433 65
2434 24
2435 31
2437 61
2440 13
2441 16
2442 15
2447 44
2449 46
2458 52
2459 25
2460 34
2462 2
2465 15
2466 16
2467 45
2468 15
2470 12
2471 59
2474 49
2475 24
2476 24
2478 28
2479 31
2480 65
2482 51
2483 43
2484 27
2488 51
2490 7
2491 1
2492 11
2494 51
2496 38
2497 50
2499 64
2500 35
2504 27
2505 13
2512 45
2513 22
2517 33
2518 43
2519 61
2520 2
2522 17
2526 3
2528 24
2529 18
2530 18
2531 37
2532 36
2534 2
2538 22
2539 51
2540 49
2542 5
2543 29
2544 3
2546 36
2548 51
2549 51
2550 20
2551 49
2552 6
2553 3
2554 42
2555 42
2558 27
2559 42
2560 21
2561 52
2562 41
2564 0
2565 17
2566 51
2567 53
2568 14
2569 26
2570 9
2574 2
2577 49
2578 9
2579 41
2580 30
2582 1
2583 9
2584 51
2585 21
2587 17
2590 30
2591 22
2593 26
2594 50
2596 36
2602 28
2604 40
2606 3
2608 48
2609 9
2611 29
2613 23
2619 52
2620 58
2622 4
2630 37
2635 62
2637 36
2638 24
2645 47
2647 22
2648 46
2649 59
2650 22
2652 62
2658 27
2659 41
2660 2
2663 43
2664 6
2666 51
2667 34
2671 44
2672 3
2674 52
2677 25
2681 19
2687 30
2688 64
2691 23
2693 53
2695 21
2696 19
2699 42
2700 47
2708 14
2711 11
2714 12
2718 52
2720 11
2722 26
2725 56
2728 45
2729 14
2737 24
2742 38
2743 16
2744 8
2746 32
2748 59
2750 61
2751 53
2752 30
2754 57
2756 52
2757 41
2760 32
2761 52
2762 22
2763 12
2764 24
2765 16
2767 4
2768 51
2769 40
2771 9
2772 26
2773 7
2775 55
2779 43
2781 7
2783 62
2784 2
2785 19
2787 51
2789 23
2791 6
2792 45
2793 16
2794 29
2797 53
2798 55
2799 45
2800 7
2801 30
2802 6
2803 11
2806 53
2807 43
2809 29
2810 37
2811 10
2813 2
2815 62
2818 22
2819 19
2820 41
2825 30
2826 61
2827 15
2833 62
2834 23
2836 23
2838 60
2839 23
2843 0
2847 24
2849 48
2850 57
2851 54
2853 11
2856 61
2858 15
2862 50
2866 59
2867 24
2870 18
2872 42
2873 32
2877 41
2881 58
2884 9
2886 48
2887 23
2890 9
2896 11
2897 49
2898 62
2902 39
2907 2
2908 9
2909 2
2912 49
2915 48
2916 12
2917 39
2918 59
2919 52
2920 48
2923 35
2924 62
2926 22
2927 47
2928 9
2929 59
2930 60
2933 24
2936 32
2938 17
2939 32
2940 45
2942 3
2944 43
2945 65
2946 60
2948 40
2950 54
2951 45
2952 10
2953 9
2954 55
2955 43
2956 8
2958 6
2959 17
2960 41
2961 40
2962 28
2963 33
2964 55
2965 8
2968 5
2970 20
2971 45
2973 19
2976 55
2977 8
2979 4
2982 55
2983 54
2985 42
2990 44
2993 0
2994 42
2995 20
2998 50
2999 36
