0 44
1 28
2 36
3 83
4 47
5 60
6 4
7 52
8 48
9 37
10 12
11 48
12 12
13 17
14 19
15 46
16 12
17 52
18 40
19 41
20 16
21 29
22 50
23 54
24 8
25 32
26 48
27 82
28 45
29 1
30 77
31 4
32 13
33 82
34 62
35 80
36 7
37 76
38 55
39 48
40 88
41 77
42 39
43 87
44 72
45 77
46 38
47 34
48 72
49 38
50 24
51 37
52 88
53 57
54 20
55 25
56 31
57 73
58 51
59 8
60 32
61 71
62 57
63 33
64 8
65 40
66 41
67 63
68 50
69 40
70 32
71 68
72 68
73 79
74 76
75 57
76 45
77 39
78 5
79 74
80 40
81 32
82 37
83 8
84 42
85 28
86 30
87 12
88 45
89 82
90 39
91 35
92 82
93 53
94 33
95 17
96 4
97 1
98 72
99 13
100 67
101 8
102 1
103 35
104 51
105 57
106 4
107 42
108 53
109 16
110 12
111 84
112 47
113 38
114 53
115 49
116 33
117 30
118 13
119 37
120 32
121 7
122 40
123 17
124 12
125 35
126 72
127 57
128 43
129 34
130 72
131 65
132 48
133 74
134 38
135 37
136 48
137 36
138 37
139 52
140 75
141 75
142 54
143 63
144 1
145 9
146 62
147 24
148 44
149 61
150 27
151 37
152 78
153 10
154 57
155 72
156 65
157 72
158 60
159 83
160 26
161 40
162 40
163 72
164 34
165 75
166 65
167 66
168 63
169 37
170 13
171 53
172 32
173 32
174 49
175 56
176 35
177 45
178 10
179 34
180 87
181 80
182 40
183 41
184 72
185 51
186 44
187 11
188 13
189 33
190 63
191 63
192 67
193 44
194 11
195 48
196 13
197 15
198 11
199 44
200 53
201 50
202 62
203 57
204 70
205 25
206 48
207 27
208 76
209 33
210 38
211 53
212 26
213 26
214 40
215 12
216 47
217 33
218 32
219 30
220 36
221 57
222 15
223 11
224 38
225 67
226 37
227 29
228 74
229 40
230 44
231 47
232 50
233 11
234 40
235 44
236 88
237 28
238 1
239 37
240 74
241 34
242 58
243 41
244 40
245 24
246 54
247 49
248 58
249 51
250 55
251 1
252 44
253 40
254 17
255 19
256 47
257 24
258 37
259 76
260 10
261 40
262 57
263 68
264 59
265 7
266 54
267 53
268 75
269 56
270 74
271 66
272 66
273 12
274 60
275 21
276 78
277 36
278 67
279 40
280 40
281 4
282 75
283 48
284 17
285 44
286 34
287 40
288 37
289 12
290 32
291 88
292 74
293 85
294 12
295 12
296 2
297 44
298 40
299 7
300 38
301 10
302 37
303 22
304 50
305 8
306 75
307 8
308 63
309 83
310 65
311 14
312 65
313 29
314 45
315 34
316 57
317 12
318 40
319 75
320 34
321 35
322 83
323 59
324 60
325 57
326 75
327 32
328 28
329 45
330 60
331 6
332 30
333 69
334 17
335 63
336 66
337 75
338 5
339 62
340 7
341 10
342 22
343 32
344 31
345 41
346 32
347 70
348 48
349 7
350 12
351 76
352 8
353 44
354 37
355 35
356 13
357 84
358 85
359 11
360 68
361 74
362 40
363 8
364 42
365 32
366 13
367 48
368 74
369 54
370 37
371 28
372 32
373 29
374 72
375 74
376 31
377 66
378 12
379 38
380 48
381 1
382 39
383 45
384 46
385 58
386 88
387 75
388 11
389 75
390 48
391 16
392 37
393 10
394 1
395 35
396 11
397 45
398 88
399 13
400 7
401 38
402 44
403 82
404 40
405 44
406 19
407 40
408 76
409 84
410 79
411 40
412 40
413 57
414 13
415 13
416 49
417 32
418 57
419 54
420 78
421 1
422 12
423 15
424 28
425 68
426 18
427 48
428 8
429 44
430 10
431 21
432 65
433 1
434 53
435 68
436 74
437 63
438 41
439 57
440 48
441 13
442 64
443 61
444 38
445 46
446 40
447 32
448 67
449 57
450 17
451 8
452 47
453 20
454 48
455 87
456 12
457 2
458 50
459 34
460 29
461 66
462 7
463 45
464 17
465 37
466 29
467 50
468 37
469 45
470 74
471 58
472 12
473 87
474 79
475 40
476 37
477 70
478 40
479 56
480 82
481 81
482 5
483 8
484 35
485 11
486 54
487 67
488 16
489 31
490 29
491 74
492 61
493 50
494 34
495 50
496 79
497 46
498 88
499 40
500 11
501 10
502 83
503 76
504 30
505 40
506 51
507 45
508 14
509 24
510 44
511 57
512 75
513 86
514 68
515 57
516 28
517 75
518 63
519 40
520 1
521 13
522 54
523 38
524 48
525 34
526 25
527 57
528 49
529 56
530 72
531 76
532 76
533 50
534 31
535 36
536 79
537 7
538 16
539 58
540 61
541 5
542 57
543 40
544 12
545 5
546 37
547 57
548 77
549 12
550 24
551 13
552 13
553 67
554 17
555 75
556 54
557 23
558 13
559 13
560 57
561 32
562 19
563 84
564 2
565 5
566 72
567 63
568 32
569 46
570 34
571 57
572 44
573 17
574 48
575 31
576 33
577 26
578 13
579 12
580 47
581 79
582 40
583 4
584 34
585 45
586 9
587 74
588 60
589 49
590 65
591 53
592 78
593 60
594 34
595 48
596 74
597 3
598 5
599 34
600 8
601 42
602 48
603 67
604 66
605 17
606 37
607 5
608 35
609 34
610 29
611 44
612 44
613 13
614 43
615 4
616 68
617 46
618 59
619 15
620 40
621 74
622 79
623 12
624 59
625 68
626 17
627 8
628 67
629 58
630 34
631 16
632 29
633 24
634 50
635 88
636 44
637 35
638 38
639 38
640 57
641 22
642 47
643 8
644 40
645 24
646 38
647 8
648 7
649 65
650 82
651 76
652 78
653 17
654 66
655 38
656 86
657 63
658 33
659 8
660 66
661 82
662 40
663 68
664 48
665 74
666 74
667 4
668 4
669 22
670 65
671 75
672 40
673 68
674 76
675 75
676 45
677 57
678 8
679 76
680 1
681 46
682 20
683 28
684 55
685 57
686 39
687 10
688 27
689 33
690 1
691 7
692 50
693 60
694 16
695 13
696 17
697 51
698 2
699 16
700 74
701 13
702 0
703 45
704 40
705 37
706 68
707 29
708 44
709 27
710 54
711 20
712 77
713 38
714 59
715 34
716 8
717 82
718 53
719 41
720 12
721 5
722 53
723 49
724 60
725 5
726 57
727 12
728 72
729 29
730 40
731 43
732 32
733 52
734 71
735 29
736 31
737 71
738 12
739 4
740 59
741 16
742 32
743 88
744 37
745 13
746 8
747 44
748 27
749 50
750 45
751 7
752 82
753 45
754 85
755 37
756 24
757 32
758 84
759 41
760 39
761 38
762 24
763 16
764 8
765 44
766 29
767 34
768 16
769 59
770 55
771 84
772 41
773 49
774 75
775 13
776 44
777 25
778 4
779 35
780 84
781 81
782 79
783 40
784 59
785 34
786 10
787 29
788 34
789 66
790 25
791 10
792 43
793 40
794 41
795 18
796 16
797 1
798 34
799 8
800 4
801 50
802 29
803 73
804 30
805 59
806 38
807 40
808 40
809 8
810 40
811 21
812 48
813 7
814 53
815 81
816 15
817 23
818 73
819 35
820 13
821 40
822 83
823 48
824 68
825 10
826 12
827 67
828 24
829 20
830 4
831 44
832 84
833 55
834 65
835 8
836 32
837 34
838 4
839 53
840 88
841 4
842 72
843 39
844 12
845 82
846 53
847 50
848 40
849 50
850 12
851 61
852 33
853 20
854 16
855 19
856 64
857 12
858 1
859 35
860 4
861 56
862 45
863 49
864 35
865 66
866 67
867 45
868 18
869 33
870 23
871 5
872 37
873 50
874 73
875 36
876 59
877 54
878 38
879 40
880 6
881 66
882 8
883 50
884 4
885 52
886 17
887 56
888 13
889 53
890 74
891 34
892 1
893 17
894 61
895 20
896 73
897 47
898 49
899 40
900 33
901 2
902 10
903 54
904 38
905 28
906 34
907 79
908 15
909 5
910 75
911 50
912 20
913 24
914 67
915 74
916 40
917 82
918 40
919 27
920 43
921 38
922 62
923 8
924 37
925 75
926 12
927 8
928 35
929 16
930 72
931 27
932 71
933 41
934 55
935 76
936 73
937 49
938 86
939 75
940 72
941 57
942 47
943 59
944 40
945 60
946 35
947 57
948 32
949 33
950 40
951 29
952 28
953 31
954 34
955 33
956 30
957 44
958 48
959 74
960 28
961 32
962 41
963 86
964 48
965 48
966 1
967 56
968 53
969 35
970 3
971 5
972 8
973 17
974 37
975 10
976 23
977 47
978 25
979 38
980 48
981 50
982 68
983 34
984 87
985 72
986 34
987 24
988 10
989 65
990 37
991 8
992 13
993 51
994 82
995 88
996 14
997 11
998 36
999 23
1000 7
1001 67
1002 63
1003 37
1004 32
1005 66
1006 52
1007 45
1008 32
1009 40
1010 32
1011 48
1012 50
1013 76
1014 5
1015 44
1016 68
1017 7
1018 0
1019 35
1020 84
1021 31
1022 67
1023 74
1024 70
1025 46
1026 67
1027 88
1028 59
1029 25
1030 35
1031 43
1032 33
1033 57
1034 10
1035 54
1036 49
1037 30
1038 54
1039 12
1040 16
1041 4
1042 59
1043 67
1044 65
1045 15
1046 48
1047 88
1048 19
1049 23
1050 63
1051 37
1052 72
1053 67
1054 81
1055 3
1056 44
1057 88
1058 73
1059 66
1060 41
1061 48
1062 76
1063 10
1064 58
1065 68
1066 16
1067 37
1068 12
1069 13
1070 19
1071 24
1072 67
1073 79
1074 28
1075 25
1076 44
1077 59
1078 44
1079 62
1080 45
1081 33
1082 68
1083 32
1084 33
1085 5
1086 34
1087 13
1088 5
1089 40
1090 60
1091 45
1092 28
1093 37
1094 33
1095 50
1096 47
1097 38
1098 9
1099 35
1100 11
1101 19
1102 24
1103 59
1104 65
1105 53
1106 52
1107 80
1108 63
1109 82
1110 41
1111 18
1112 12
1113 8
1114 37
1115 8
1116 13
1117 81
1118 32
1119 30
1120 28
1121 26
1122 33
1123 76
1124 34
1125 72
1126 45
1127 73
1128 5
1129 45
1130 45
1131 37
1132 8
1133 37
1134 68
1135 50
1136 49
1137 53
1138 82
1139 8
1140 12
1141 74
1142 32
1143 87
1144 45
1145 17
1146 16
1147 34
1148 82
1149 62
1150 12
1151 74
1152 56
1153 10
1154 87
1155 16
1156 41
1157 43
1158 56
1159 26
1160 40
1161 53
1162 41
1163 38
1164 40
1165 72
1166 75
1167 58
1168 35
1169 53
1170 11
1171 45
1172 82
1173 41
1174 32
1175 74
1176 86
1177 35
1178 31
1179 59
1180 19
1181 17
1182 17
1183 32
1184 47
1185 16
1186 8
1187 8
1188 20
1189 46
1190 35
1191 34
1192 33
1193 32
1194 8
1195 47
1196 68
1197 10
1198 84
1199 88
1200 14
1201 59
1202 37
1203 40
1204 83
1205 25
1206 0
1207 35
1208 33
1209 88
1210 33
1211 48
1212 12
1213 79
1214 41
1215 37
1216 12
1217 72
1218 84
1219 48
1220 26
1221 6
1222 50
1223 57
1224 84
1225 37
1226 48
1227 7
1228 17
1229 36
1230 79
1231 72
1232 33
1233 5
1234 44
1235 37
1236 8
1237 1
1238 66
1239 74
1240 44
1241 54
1242 38
1243 57
1244 37
1245 40
1246 4
1247 14
1248 37
1249 53
1250 48
1251 37
1252 72
1253 86
1254 65
1255 54
1256 38
1257 47
1258 8
1259 88
1260 52
1261 58
1262 65
1263 40
1264 10
1265 57
1266 37
1267 25
1268 37
1269 37
1270 57
1271 13
1272 40
1273 45
1274 50
1275 59
1276 59
1277 34
1278 24
1279 6
1280 32
1281 27
1282 51
1283 12
1284 68
1285 46
1286 57
1287 38
1288 33
1289 47
1290 15
1291 40
1292 17
1293 33
1294 41
1295 37
1296 66
1297 37
1298 17
1299 14
1300 44
1301 50
1302 44
1303 52
1304 27
1305 84
1306 46
1307 8
1308 12
1309 34
1310 72
1311 8
1312 24
1313 74
1314 60
1315 61
1316 32
1317 59
1318 60
1319 7
1320 76
1321 28
1322 44
1323 28
1324 33
1325 3
1326 34
1327 13
1328 82
1329 37
1330 43
1331 46
1332 5
1333 7
1334 81
1335 59
1336 75
1337 37
1338 18
1339 8
1340 37
1341 15
1342 50
1343 20
1344 82
1345 71
1346 45
1347 44
1348 60
1349 48
1350 31
1351 6
1352 72
1353 74
1354 73
1355 57
1356 75
1357 76
1358 0
1359 10
1360 5
1361 12
1362 32
1363 44
1364 11
1365 87
1366 44
1367 19
1368 49
1369 10
1370 88
1371 48
1372 32
1373 12
1374 15
1375 40
1376 81
1377 55
1378 20
1379 84
1380 5
1381 8
1382 28
1383 45
1384 56
1385 56
1386 67
1387 33
1388 82
1389 59
1390 78
1391 5
1392 55
1393 54
1394 82
1395 26
1396 44
1397 44
1398 8
1399 38
1400 63
1401 7
1402 27
1403 76
1404 82
1405 1
1406 14
1407 6
1408 75
1409 11
1410 24
1411 1
1412 13
1413 34
1414 71
1415 75
1416 13
1417 16
1418 66
1419 8
1420 17
1421 66
1422 74
1423 16
1424 23
1425 30
1426 87
1427 66
1428 48
1429 88
1430 37
1431 33
1432 44
1433 84
1434 75
1435 28
1436 82
1437 17
1438 41
1439 37
1440 17
1441 82
1442 7
1443 65
1444 14
1445 34
1446 54
1447 48
1448 30
1449 74
1450 25
1451 24
1452 87
1453 45
1454 39
1455 45
1456 33
1457 67
1458 84
1459 53
1460 5
1461 32
1462 17
1463 40
1464 5
1465 64
1466 54
1467 50
1468 44
1469 48
1470 14
1471 59
1472 73
1473 87
1474 37
1475 1
1476 8
1477 20
1478 43
1479 5
1480 57
1481 66
1482 60
1483 81
1484 75
1485 60
1486 38
1487 8
1488 28
1489 56
1490 72
1491 79
1492 40
1493 8
1494 74
1495 73
1496 1
1497 16
1498 11
1499 58
1500 7
1501 59
1502 37
1503 75
1504 44
1505 74
1506 53
1507 16
1508 31
1509 11
1510 37
1511 44
1512 61
1513 7
1514 50
1515 41
1516 74
1517 26
1518 45
1519 83
1520 59
1521 13
1522 7
1523 55
1524 32
1525 69
1526 56
1527 7
1528 33
1529 40
1530 29
1531 17
1532 59
1533 26
1534 60
1535 58
1536 47
1537 8
1538 38
1539 84
1540 30
1541 68
1542 20
1543 38
1544 84
1545 13
1546 59
1547 41
1548 74
1549 82
1550 23
1551 6
1552 66
1553 28
1554 56
1555 72
1556 85
1557 13
1558 13
1559 84
1560 35
1561 35
1562 19
1563 75
1564 53
1565 33
1566 20
1567 11
1568 37
1569 83
1570 39
1571 76
1572 54
1573 58
1574 19
1575 5
1576 76
1577 38
1578 4
1579 63
1580 24
1581 27
1582 12
1583 13
1584 57
1585 51
1586 63
1587 44
1588 8
1589 31
1590 31
1591 63
1592 26
1593 13
1594 8
1595 76
1596 76
1597 57
1598 58
1599 56
1600 88
1601 51
1602 63
1603 8
1604 34
1605 28
1606 44
1607 68
1608 38
1609 66
1610 61
1611 44
1612 86
1613 22
1614 68
1615 39
1616 8
1617 11
1618 15
1619 72
1620 48
1621 24
1622 79
1623 22
1624 33
1625 10
1626 22
1627 32
1628 1
1629 82
1630 40
1631 29
1632 87
1633 11
1634 57
1635 37
1636 58
1637 53
1638 15
1639 84
1640 41
1641 74
1642 81
1643 0
1644 85
1645 40
1646 63
1647 44
1648 8
1649 10
1650 48
1651 68
1652 12
1653 88
1654 11
1655 26
1656 28
1657 37
1658 29
1659 57
1660 43
1661 45
1662 28
1663 24
1664 74
1665 27
1666 41
1667 50
1668 48
1669 34
1670 52
1671 58
1672 45
1673 40
1674 79
1675 45
1676 37
1677 19
1678 75
1679 64
1680 37
1681 68
1682 46
1683 38
1684 65
1685 77
1686 28
1687 17
1688 83
1689 8
1690 51
1691 8
1692 40
1693 3
1694 45
1695 85
1696 32
1697 45
1698 86
1699 29
1700 13
1701 82
1702 68
1703 13
1704 51
1705 33
1706 40
1707 61
1708 4
1709 33
1710 45
1711 32
1712 53
1713 75
1714 85
1715 32
1716 48
1717 21
1718 48
1719 70
1720 66
1721 34
1722 19
1723 82
1724 28
1725 80
1726 39
1727 73
1728 74
1729 33
1730 48
1731 26
1732 1
1733 65
1734 40
1735 72
1736 60
1737 61
1738 48
1739 75
1740 31
1741 30
1742 63
1743 81
1744 40
1745 24
1746 7
1747 19
1748 32
1749 12
1750 51
1751 74
1752 37
1753 13
1754 8
1755 20
1756 31
1757 82
1758 12
1759 40
1760 41
1761 6
1762 59
1763 17
1764 45
1765 8
1766 30
1767 30
1768 81
1769 58
1770 59
1771 76
1772 32
1773 27
1774 59
1775 8
1776 72
1777 74
1778 28
1779 19
1780 60
1781 12
1782 54
1783 68
1784 10
1785 74
1786 69
1787 7
1788 61
1789 15
1790 33
1791 12
1792 56
1793 56
1794 20
1795 7
1796 32
1797 44
1798 8
1799 67
1800 52
1801 17
1802 75
1803 41
1804 74
1805 30
1806 50
1807 67
1808 4
1809 82
1810 63
1811 79
1812 48
1813 12
1814 68
1815 74
1816 76
1817 24
1818 12
1819 65
1820 44
1821 87
1822 63
1823 8
1824 68
1825 33
1826 73
1827 28
1828 30
1829 20
1830 74
1831 52
1832 76
1833 20
1834 10
1835 45
1836 88
1837 9
1838 45
1839 32
1840 58
1841 13
1842 40
1843 14
1844 60
1845 37
1846 41
1847 45
1848 57
1849 1
1850 74
1851 16
1852 66
1853 58
1854 68
1855 45
1856 24
1857 79
1858 51
1859 88
1860 11
1861 49
1862 75
1863 7
1864 33
1865 85
1866 33
1867 57
1868 74
1869 36
1870 63
1871 88
1872 40
1873 88
1874 28
1875 7
1876 17
1877 31
1878 35
1879 83
1880 7
1881 82
1882 16
1883 41
1884 75
1885 71
1886 67
1887 11
1888 45
1889 7
1890 40
1891 20
1892 48
1893 57
1894 28
1895 53
1896 13
1897 7
1898 72
1899 19
1900 26
1901 37
1902 30
1903 48
1904 47
1905 13
1906 29
1907 50
1908 27
1909 69
1910 7
1911 74
1912 52
1913 50
1914 23
1915 51
1916 48
1917 29
1918 55
1919 18
1920 62
1921 16
1922 8
1923 35
1924 24
1925 75
1926 66
1927 11
1928 12
1929 60
1930 43
1931 15
1932 37
1933 8
1934 74
1935 3
1936 48
1937 47
1938 8
1939 33
1940 10
1941 59
1942 63
1943 57
1944 7
1945 17
1946 37
1947 50
1948 65
1949 7
1950 31
1951 48
1952 88
1953 75
1954 59
1955 26
1956 55
1957 50
1958 7
1959 0
1960 30
1961 1
1962 51
1963 14
1964 40
1965 73
1966 45
1967 74
1968 16
1969 12
1970 59
1971 59
1972 65
1973 75
1974 17
1975 13
1976 10
1977 37
1978 7
1979 50
1980 9
1981 17
1982 59
1983 50
1984 30
1985 70
1986 60
1987 19
1988 74
1989 76
1990 8
1991 58
1992 54
1993 34
1994 73
1995 88
1996 17
1997 74
1998 58
1999 5
2000 45
2001 32
2002 22
2003 15
2004 76
2005 76
2006 53
2007 40
2008 72
2009 22
2010 76
2011 1
2012 38
2013 61
2014 52
2015 46
2016 25
2017 46
2018 7
2019 67
2020 51
2021 63
2022 12
2023 6
2024 82
2025 44
2026 84
2027 86
2028 32
2029 7
2030 32
2031 65
2032 82
2033 38
2034 34
2035 76
2036 65
2037 33
2038 22
2039 74
2040 25
2041 82
2042 53
2043 35
2044 30
2045 46
2046 55
2047 1
2048 76
2049 74
2050 82
2051 53
2052 45
2053 32
2054 1
2055 54
2056 29
2057 25
2058 7
2059 28
2060 47
2061 31
2062 53
2063 36
2064 72
2065 34
2066 56
2067 44
2068 4
2069 13
2070 34
2071 66
2072 4
2073 44
2074 57
2075 50
2076 72
2077 88
2078 20
2079 48
2080 74
2081 74
2082 75
2083 37
2084 64
2085 4
2086 51
2087 28
2088 74
2089 35
2090 67
2091 40
2092 72
2093 40
2094 32
2095 84
2096 83
2097 54
2098 76
2099 75
2100 4
2101 32
2102 9
2103 37
2104 0
2105 27
2106 72
2107 57
2108 48
2109 5
2110 67
2111 37
2112 10
2113 77
2114 55
2115 54
2116 20
2117 12
2118 8
2119 36
2120 35
2121 75
2122 41
2123 62
2124 10
2125 37
2126 24
2127 85
2128 43
2129 59
2130 38
2131 40
2132 61
2133 57
2134 37
2135 72
2136 74
2137 66
2138 16
2139 10
2140 38
2141 10
2142 14
2143 8
2144 19
2145 34
2146 55
2147 4
2148 4
2149 10
2150 35
2151 8
2152 85
2153 87
2154 21
2155 45
2156 85
2157 76
2158 86
2159 17
2160 88
2161 57
2162 7
2163 12
2164 4
2165 31
2166 63
2167 83
2168 37
2169 66
2170 82
2171 49
2172 49
2173 32
2174 57
2175 8
2176 40
2177 42
2178 14
2179 10
2180 82
2181 40
2182 53
2183 13
2184 40
2185 11
2186 80
2187 60
2188 13
2189 19
2190 10
2191 37
2192 59
2193 44
2194 34
2195 66
2196 11
2197 48
2198 82
2199 10
2200 44
2201 44
2202 7
2203 71
2204 82
2205 35
2206 82
2207 37
2208 67
2209 13
2210 41
2211 50
2212 8
2213 81
2214 45
2215 74
2216 15
2217 32
2218 81
2219 14
2220 44
2221 36
2222 6
2223 38
2224 75
2225 83
2226 16
2227 12
2228 0
2229 74
2230 50
2231 32
2232 10
2233 63
2234 63
2235 75
2236 65
2237 13
2238 83
2239 16
2240 16
2241 33
2242 7
2243 8
2244 54
2245 76
2246 20
2247 44
2248 50
2249 65
2250 47
2251 59
2252 29
2253 20
2254 4
2255 59
2256 59
2257 40
2258 58
2259 35
2260 58
2261 60
2262 82
2263 50
2264 16
2265 24
2266 5
2267 47
2268 37
2269 63
2270 8
2271 76
2272 7
2273 25
2274 32
2275 45
2276 26
2277 35
2278 8
2279 68
2280 33
2281 34
2282 71
2283 38
2284 37
2285 48
2286 39
2287 72
2288 57
2289 83
2290 29
2291 72
2292 4
2293 87
2294 59
2295 11
2296 3
2297 76
2298 88
2299 59
2300 76
2301 37
2302 15
2303 12
2304 59
2305 16
2306 1
2307 51
2308 44
2309 44
2310 74
2311 50
2312 72
2313 12
2314 23
2315 74
2316 39
2317 44
2318 74
2319 57
2320 68
2321 35
2322 12
2323 16
2324 29
2325 46
2326 35
2327 59
2328 38
2329 25
2330 27
2331 33
2332 4
2333 34
2334 34
2335 29
2336 75
2337 68
2338 21
2339 81
2340 59
2341 45
2342 56
2343 50
2344 80
2345 29
2346 35
2347 11
2348 44
2349 75
2350 6
2351 50
2352 29
2353 50
2354 62
2355 74
2356 30
2357 65
2358 75
2359 41
2360 47
2361 74
2362 45
2363 40
2364 35
2365 0
2366 34
2367 56
2368 13
2369 21
2370 55
2371 82
2372 40
2373 36
2374 59
2375 50
2376 40
2377 75
2378 4
2379 57
2380 37
2381 48
2382 68
2383 44
2384 44
2385 8
2386 54
2387 34
2388 57
2389 34
2390 54
2391 45
2392 79
2393 20
2394 44
2395 48
2396 34
2397 13
2398 36
2399 16
2400 52
2401 12
2402 42
2403 52
2404 32
2405 41
2406 45
2407 50
2408 16
2409 8
2410 53
2411 26
2412 22
2413 53
2414 71
2415 29
2416 71
2417 35
2418 63
2419 75
2420 1
2421 33
2422 33
2423 83
2424 1
2425 13
2426 53
2427 1
2428 74
2429 3
2430 76
2431 30
2432 57
2433 40
2434 37
2435 35
2436 74
2437 12
2438 8
2439 14
2440 33
2441 43
2442 7
2443 82
2444 74
2445 40
2446 34
2447 68
2448 29
2449 59
2450 88
2451 75
2452 82
2453 1
2454 1
2455 34
2456 72
2457 28
2458 41
2459 20
2460 27
2461 54
2462 12
2463 50
2464 44
2465 76
2466 68
2467 57
2468 57
2469 56
2470 8
2471 8
